1426223440600	1426223440597
1426223440634	1426223440597
1426223469653	1426223469652
1426223469656	1426223469652
1426223469657	1426223469652
1426223469659	1426223469659
1426223470650	1426223470649
1426223470656	1426223470651
1426223471651	1426223471651
1426223471656	1426223471651
1426223472006	1426223472006
1426223472006	1426223472005
1426223472649	1426223472649
1426223472651	1426223472650
1426223472651	1426223472650
1426223473010	1426223473010
1426223473011	1426223473010
1426223473650	1426223473650
1426223473651	1426223473650
1426223473652	1426223473650
1426223474011	1426223474010
1426223474650	1426223474650
1426223474650	1426223474650
1426223474653	1426223474650
1426223475010	1426223475010
1426223475650	1426223475650
1426223475652	1426223475651
1426223476015	1426223476015
1426223476016	1426223476016
1426223476651	1426223476650
1426223476652	1426223476650
1426223476652	1426223476650
1426223477009	1426223477009
1426223477013	1426223477009
1426223477650	1426223477649
1426223478011	1426223478011
1426223478011	1426223478011
1426223478011	1426223478011
1426223478012	1426223478011
1426223478653	1426223478653
1426223478655	1426223478653
1426223479010	1426223479010
1426223479011	1426223479010
1426223479013	1426223479010
1426223479653	1426223479653
1426223479657	1426223479653
1426223480014	1426223480011
1426223480014	1426223480012
1426223480653	1426223480653
1426223480654	1426223480654
1426223481009	1426223481009
1426223481009	1426223481009
1426223481021	1426223481009
1426223481023	1426223481009
1426223481658	1426223481658
1426223481659	1426223481658
1426223482012	1426223482010
1426223482012	1426223482011
1426223482659	1426223482658
1426223482660	1426223482658
1426223483013	1426223483013
1426223483014	1426223483013
1426223483014	1426223483013
1426223483659	1426223483658
1426223483659	1426223483658
1426223483659	1426223483658
1426223484017	1426223484017
1426223484657	1426223484657
1426223484657	1426223484657
1426223484657	1426223484657
1426223484659	1426223484657
1426223485015	1426223485014
1426223485018	1426223485014
1426223485018	1426223485014
1426223485660	1426223485660
1426223485660	1426223485660
1426223485660	1426223485660
1426223485661	1426223485660
1426223486013	1426223486013
1426223486013	1426223486013
1426223486015	1426223486013
1426223486668	1426223486667
1426223487015	1426223487015
1426223487665	1426223487662
1426223488014	1426223488014
1426223488016	1426223488014
1426223488661	1426223488661
1426223488661	1426223488661
1426223488662	1426223488661
1426223489015	1426223489014
1426223489661	1426223489661
1426223489662	1426223489661
1426223490015	1426223490013
1426223490017	1426223490015
1426223490663	1426223490662
1426223490664	1426223490662
1426223491014	1426223491014
1426223491015	1426223491014
1426223491016	1426223491014
1426223491664	1426223491662
1426223491664	1426223491662
1426223492017	1426223492016
1426223492021	1426223492017
1426223492022	1426223492017
1426223492660	1426223492660
1426223492661	1426223492660
1426223492661	1426223492660
1426223493018	1426223493018
1426223493019	1426223493017
1426223493662	1426223493662
1426223493662	1426223493662
1426223493663	1426223493662
1426223493663	1426223493662
1426223494018	1426223494017
1426223494024	1426223494022
1426223494662	1426223494662
1426223494663	1426223494662
1426223494673	1426223494662
1426223495022	1426223495021
1426223495024	1426223495021
1426223495025	1426223495021
1426223495664	1426223495662
1426223495665	1426223495662
1426223495669	1426223495662
1426223496022	1426223496022
1426223496023	1426223496022
1426223496024	1426223496022
1426223496026	1426223496022
1426223496662	1426223496661
1426223496662	1426223496661
1426223496663	1426223496661
1426223496664	1426223496661
1426223497021	1426223497021
1426223497022	1426223497021
1426223497025	1426223497021
1426223497662	1426223497661
1426223497662	1426223497662
1426223498024	1426223498024
1426223498025	1426223498023
1426223498661	1426223498661
1426223498664	1426223498661
1426223499023	1426223499022
1426223499025	1426223499024
1426223499663	1426223499662
1426223500024	1426223500022
1426223500025	1426223500022
1426223500027	1426223500022
1426223500027	1426223500022
1426223500662	1426223500662
1426223500663	1426223500662
1426223501025	1426223501022
1426223501025	1426223501022
1426223501662	1426223501661
1426223501662	1426223501662
1426223502021	1426223502021
1426223502022	1426223502021
1426223502022	1426223502021
1426223502023	1426223502021
1426223502664	1426223502664
1426223503023	1426223503023
1426223503032	1426223503023
1426223503033	1426223503023
1426223503662	1426223503661
1426223503664	1426223503662
1426223504030	1426223504030
1426223504031	1426223504030
1426223504031	1426223504030
1426223504661	1426223504661
1426223504661	1426223504661
1426223504663	1426223504661
1426223505029	1426223505029
1426223505030	1426223505029
1426223505030	1426223505029
1426223505668	1426223505663
1426223506031	1426223506031
1426223506663	1426223506662
1426223506665	1426223506662
1426223507030	1426223507030
1426223507033	1426223507031
1426223507664	1426223507664
1426223508036	1426223508034
1426223508666	1426223508665
1426223508672	1426223508665
1426223508673	1426223508665
1426223509034	1426223509033
1426223509036	1426223509033
1426223509667	1426223509666
1426223509670	1426223509666
1426223510033	1426223510033
1426223510033	1426223510033
1426223510034	1426223510033
1426223510035	1426223510033
1426223510670	1426223510669
1426223510671	1426223510669
1426223511038	1426223511038
1426223511038	1426223511038
1426223511039	1426223511038
1426223511680	1426223511678
1426223511680	1426223511678
1426223511680	1426223511678
1426223511681	1426223511678
1426223512039	1426223512038
1426223512042	1426223512038
1426223512673	1426223512673
1426223512675	1426223512675
1426223513041	1426223513039
1426223513674	1426223513673
1426223513674	1426223513674
1426223514041	1426223514040
1426223514042	1426223514042
1426223514674	1426223514673
1426223514675	1426223514673
1426223515042	1426223515042
1426223515042	1426223515042
1426223515044	1426223515042
1426223515670	1426223515670
1426223515676	1426223515670
1426223516039	1426223516039
1426223516042	1426223516040
1426223516674	1426223516674
1426223517043	1426223517043
1426223517044	1426223517042
1426223517676	1426223517675
1426223517678	1426223517675
1426223518047	1426223518047
1426223518047	1426223518047
1426223518673	1426223518673
1426223518673	1426223518673
1426223518676	1426223518673
1426223519047	1426223519045
1426223519673	1426223519673
1426223519676	1426223519673
1426223519677	1426223519673
1426223520049	1426223520045
1426223520673	1426223520673
1426223520675	1426223520673
1426223520675	1426223520673
1426223521047	1426223521046
1426223521048	1426223521046
1426223521048	1426223521046
1426223521674	1426223521673
1426223521675	1426223521673
1426223521675	1426223521673
1426223522049	1426223522049
1426223522052	1426223522049
1426223522053	1426223522049
1426223522673	1426223522673
1426223522675	1426223522673
1426223522676	1426223522673
1426223522677	1426223522673
1426223523673	1426223523673
1426223523679	1426223523673
1426223523680	1426223523673
1426223523680	1426223523673
1426223524050	1426223524050
1426223524051	1426223524050
1426223524053	1426223524050
1426223524674	1426223524673
1426223524675	1426223524673
1426223524676	1426223524673
1426223525052	1426223525050
1426223525054	1426223525050
1426223525673	1426223525673
1426223525674	1426223525673
1426223525679	1426223525673
1426223526053	1426223526052
1426223526674	1426223526673
1426223526674	1426223526674
1426223526676	1426223526674
1426223527049	1426223527049
1426223527049	1426223527049
1426223527049	1426223527049
1426223527050	1426223527049
1426223527674	1426223527674
1426223527677	1426223527674
1426223528050	1426223528050
1426223528050	1426223528050
1426223528051	1426223528050
1426223528052	1426223528050
1426223528674	1426223528674
1426223528681	1426223528681
1426223529050	1426223529050
1426223529054	1426223529051
1426223529677	1426223529677
1426223529678	1426223529677
1426223529679	1426223529677
1426223530047	1426223530047
1426223530050	1426223530047
1426223530682	1426223530681
1426223530683	1426223530682
1426223530683	1426223530682
1426223531052	1426223531050
1426223531052	1426223531051
1426223531683	1426223531683
1426223531685	1426223531685
1426223532049	1426223532049
1426223532053	1426223532053
1426223532681	1426223532681
1426223532683	1426223532681
1426223532685	1426223532681
1426223533053	1426223533053
1426223533054	1426223533054
1426223533055	1426223533054
1426223533684	1426223533681
1426223534054	1426223534053
1426223534054	1426223534053
1426223534683	1426223534683
1426223534684	1426223534683
1426223534685	1426223534683
1426223535054	1426223535053
1426223535681	1426223535681
1426223535684	1426223535682
1426223536055	1426223536054
1426223536056	1426223536054
1426223536686	1426223536682
1426223537055	1426223537055
1426223537056	1426223537055
1426223537058	1426223537055
1426223538055	1426223538055
1426223538681	1426223538681
1426223538682	1426223538681
1426223538682	1426223538681
1426223539056	1426223539055
1426223539057	1426223539055
1426223539693	1426223539693
1426223539694	1426223539693
1426223540069	1426223540067
1426223540685	1426223540685
1426223540685	1426223540685
1426223540688	1426223540685
1426223541055	1426223541054
1426223541686	1426223541686
1426223541687	1426223541686
1426223541688	1426223541686
1426223542056	1426223542056
1426223542062	1426223542062
1426223542686	1426223542686
1426223542689	1426223542686
1426223543058	1426223543058
1426223543060	1426223543060
1426223543686	1426223543685
1426223543686	1426223543685
1426223543689	1426223543685
1426223544058	1426223544058
1426223544062	1426223544060
1426223544685	1426223544685
1426223544691	1426223544685
1426223545065	1426223545064
1426223545686	1426223545686
1426223545689	1426223545686
1426223545691	1426223545686
1426223546057	1426223546057
1426223546057	1426223546057
1426223546059	1426223546057
1426223546687	1426223546685
1426223546687	1426223546686
1426223547058	1426223547057
1426223547058	1426223547057
1426223547059	1426223547057
1426223547060	1426223547057
1426223547686	1426223547685
1426223547688	1426223547685
1426223548059	1426223548058
1426223548061	1426223548060
1426223548686	1426223548686
1426223548687	1426223548687
1426223549059	1426223549057
1426223549059	1426223549058
1426223549686	1426223549686
1426223549687	1426223549686
1426223549687	1426223549686
1426223550059	1426223550057
1426223550060	1426223550058
1426223550686	1426223550686
1426223551057	1426223551057
1426223551058	1426223551057
1426223551060	1426223551057
1426223551060	1426223551058
1426223551690	1426223551689
1426223552057	1426223552057
1426223552058	1426223552057
1426223552058	1426223552057
1426223552692	1426223552691
1426223552692	1426223552690
1426223552692	1426223552691
1426223553061	1426223553059
1426223553690	1426223553689
1426223553690	1426223553690
1426223553691	1426223553690
1426223554068	1426223554060
1426223554068	1426223554061
1426223554690	1426223554689
1426223554690	1426223554689
1426223555057	1426223555057
1426223555058	1426223555057
1426223555058	1426223555057
1426223555690	1426223555689
1426223555690	1426223555689
1426223555691	1426223555689
1426223555691	1426223555689
1426223556068	1426223556067
1426223556689	1426223556689
1426223556690	1426223556689
1426223556691	1426223556689
1426223557062	1426223557062
1426223557064	1426223557062
1426223557689	1426223557689
1426223557690	1426223557689
1426223557691	1426223557689
1426223558061	1426223558060
1426223558061	1426223558060
1426223558062	1426223558060
1426223558691	1426223558690
1426223559066	1426223559065
1426223559066	1426223559065
1426223559069	1426223559065
1426223559690	1426223559689
1426223559690	1426223559689
1426223559694	1426223559689
1426223560061	1426223560061
1426223560691	1426223560690
1426223560691	1426223560690
1426223560692	1426223560690
1426223561061	1426223561061
1426223561064	1426223561061
1426223561690	1426223561689
1426223561692	1426223561690
1426223562063	1426223562061
1426223562693	1426223562692
1426223563062	1426223563062
1426223563690	1426223563689
1426223563698	1426223563690
1426223564694	1426223564693
1426223564697	1426223564694
1426223565062	1426223565062
1426223565063	1426223565062
1426223565066	1426223565062
1426223565698	1426223565693
1426223565698	1426223565693
1426223565700	1426223565693
1426223566062	1426223566061
1426223566063	1426223566061
1426223566064	1426223566061
1426223566065	1426223566061
1426223566695	1426223566694
1426223566695	1426223566693
1426223567072	1426223567070
1426223567074	1426223567070
1426223567075	1426223567070
1426223567076	1426223567070
1426223567694	1426223567693
1426223567695	1426223567694
1426223568062	1426223568061
1426223568062	1426223568061
1426223568693	1426223568693
1426223568693	1426223568693
1426223568694	1426223568693
1426223568696	1426223568693
1426223569064	1426223569062
1426223569694	1426223569693
1426223569694	1426223569693
1426223569695	1426223569693
1426223569696	1426223569693
1426223570064	1426223570062
1426223570694	1426223570694
1426223570695	1426223570694
1426223570695	1426223570694
1426223571064	1426223571063
1426223571064	1426223571063
1426223571065	1426223571063
1426223571698	1426223571697
1426223571699	1426223571698
1426223572063	1426223572062
1426223572697	1426223572697
1426223572701	1426223572700
1426223573061	1426223573061
1426223573065	1426223573061
1426223573702	1426223573698
1426223573703	1426223573698
1426223573704	1426223573698
1426223573704	1426223573703
1426223574061	1426223574061
1426223574697	1426223574697
1426223574698	1426223574697
1426223574699	1426223574697
1426223575063	1426223575062
1426223575065	1426223575062
1426223575698	1426223575697
1426223575700	1426223575697
1426223576062	1426223576062
1426223576067	1426223576062
1426223576068	1426223576062
1426223576702	1426223576701
1426223576702	1426223576701
1426223577064	1426223577064
1426223577703	1426223577702
1426223577704	1426223577702
1426223578067	1426223578067
1426223578701	1426223578701
1426223579068	1426223579066
1426223579701	1426223579701
1426223579703	1426223579701
1426223579705	1426223579701
1426223580068	1426223580066
1426223580069	1426223580066
1426223580072	1426223580068
1426223580073	1426223580066
1426223580702	1426223580701
1426223580703	1426223580702
1426223580703	1426223580702
1426223581071	1426223581071
1426223581706	1426223581701
1426223581708	1426223581701
1426223582070	1426223582070
1426223582070	1426223582070
1426223582072	1426223582070
1426223582073	1426223582070
1426223582705	1426223582705
1426223582706	1426223582705
1426223582708	1426223582705
1426223583069	1426223583069
1426223583705	1426223583704
1426223583706	1426223583704
1426223583707	1426223583704
1426223584071	1426223584071
1426223584073	1426223584071
1426223584073	1426223584071
1426223584706	1426223584706
1426223585073	1426223585072
1426223585075	1426223585073
1426223585709	1426223585709
1426223585711	1426223585709
1426223585711	1426223585709
1426223586072	1426223586071
1426223586073	1426223586071
1426223586710	1426223586710
1426223586710	1426223586710
1426223586711	1426223586710
1426223587073	1426223587072
1426223587076	1426223587072
1426223587077	1426223587072
1426223587710	1426223587710
1426223587714	1426223587711
1426223588075	1426223588074
1426223588713	1426223588713
1426223589074	1426223589073
1426223589074	1426223589073
1426223589718	1426223589717
1426223589719	1426223589717
1426223589719	1426223589717
1426223590080	1426223590079
1426223590081	1426223590080
1426223590717	1426223590717
1426223590717	1426223590717
1426223590719	1426223590717
1426223591077	1426223591077
1426223591078	1426223591077
1426223591078	1426223591077
1426223591078	1426223591077
1426223591717	1426223591717
1426223591719	1426223591717
1426223592079	1426223592079
1426223592081	1426223592079
1426223592718	1426223592717
1426223592718	1426223592717
1426223592720	1426223592717
1426223593087	1426223593086
1426223593088	1426223593087
1426223593719	1426223593718
1426223593719	1426223593719
1426223594079	1426223594077
1426223594718	1426223594717
1426223594718	1426223594717
1426223594718	1426223594717
1426223594719	1426223594717
1426223595087	1426223595086
1426223595092	1426223595088
1426223595717	1426223595717
1426223595722	1426223595717
1426223595722	1426223595717
1426223596083	1426223596082
1426223596083	1426223596082
1426223596084	1426223596082
1426223596719	1426223596718
1426223597085	1426223597085
1426223597088	1426223597085
1426223597718	1426223597717
1426223597718	1426223597717
1426223598087	1426223598086
1426223598087	1426223598085
1426223598087	1426223598086
1426223598718	1426223598717
1426223598718	1426223598718
1426223598719	1426223598718
1426223599086	1426223599085
1426223599089	1426223599086
1426223599720	1426223599719
1426223600085	1426223600085
1426223600087	1426223600085
1426223600087	1426223600085
1426223600717	1426223600717
1426223600717	1426223600717
1426223600718	1426223600717
1426223600718	1426223600717
1426223601090	1426223601090
1426223601091	1426223601091
1426223601721	1426223601721
1426223601722	1426223601721
1426223601722	1426223601721
1426223601722	1426223601721
1426223602087	1426223602086
1426223602088	1426223602087
1426223602722	1426223602722
1426223602724	1426223602722
1426223603085	1426223603085
1426223603085	1426223603085
1426223603090	1426223603085
1426223603721	1426223603721
1426223603721	1426223603721
1426223603722	1426223603721
1426223604091	1426223604085
1426223604091	1426223604090
1426223605086	1426223605085
1426223605089	1426223605085
1426223605721	1426223605721
1426223605721	1426223605721
1426223605728	1426223605721
1426223606086	1426223606085
1426223606087	1426223606086
1426223606088	1426223606086
1426223606722	1426223606722
1426223606723	1426223606722
1426223606724	1426223606722
1426223607089	1426223607089
1426223607091	1426223607089
1426223607722	1426223607722
1426223607724	1426223607723
1426223608086	1426223608085
1426223608086	1426223608085
1426223608101	1426223608085
1426223608719	1426223608718
1426223608719	1426223608718
1426223608719	1426223608718
1426223609086	1426223609086
1426223609086	1426223609086
1426223609091	1426223609086
1426223609722	1426223609722
1426223609723	1426223609722
1426223609725	1426223609722
1426223610088	1426223610086
1426223610088	1426223610086
1426223610721	1426223610721
1426223610723	1426223610722
1426223611088	1426223611087
1426223611089	1426223611088
1426223611727	1426223611726
1426223611728	1426223611727
1426223611729	1426223611727
1426223612085	1426223612085
1426223612088	1426223612087
1426223612726	1426223612726
1426223612726	1426223612726
1426223612728	1426223612726
1426223613085	1426223613085
1426223613086	1426223613085
1426223613086	1426223613085
1426223613725	1426223613725
1426223613728	1426223613727
1426223614088	1426223614085
1426223614088	1426223614087
1426223614727	1426223614727
1426223615086	1426223615085
1426223615086	1426223615085
1426223615088	1426223615085
1426223615731	1426223615730
1426223615732	1426223615730
1426223615733	1426223615730
1426223616085	1426223616085
1426223616725	1426223616725
1426223616726	1426223616725
1426223617086	1426223617085
1426223617086	1426223617085
1426223617087	1426223617085
1426223617088	1426223617085
1426223617725	1426223617724
1426223617727	1426223617727
1426223617727	1426223617727
1426223618087	1426223618086
1426223618088	1426223618086
1426223618088	1426223618086
1426223618727	1426223618726
1426223618728	1426223618726
1426223619090	1426223619089
1426223619090	1426223619089
1426223619091	1426223619089
1426223619727	1426223619726
1426223619729	1426223619728
1426223620092	1426223620089
1426223620097	1426223620090
1426223620728	1426223620726
1426223621093	1426223621093
1426223621094	1426223621093
1426223621725	1426223621725
1426223621726	1426223621725
1426223621728	1426223621725
1426223622091	1426223622089
1426223622093	1426223622089
1426223622094	1426223622089
1426223622096	1426223622089
1426223622729	1426223622725
1426223623091	1426223623090
1426223623092	1426223623090
1426223623726	1426223623725
1426223623729	1426223623725
1426223624095	1426223624095
1426223624096	1426223624095
1426223624726	1426223624725
1426223624730	1426223624725
1426223625090	1426223625089
1426223625727	1426223625725
1426223625727	1426223625725
1426223626090	1426223626089
1426223626091	1426223626089
1426223626094	1426223626089
1426223626730	1426223626730
1426223626732	1426223626730
1426223627090	1426223627089
1426223627090	1426223627089
1426223627093	1426223627089
1426223627728	1426223627727
1426223627729	1426223627726
1426223627729	1426223627727
1426223628089	1426223628089
1426223628089	1426223628089
1426223628090	1426223628089
1426223628091	1426223628089
1426223628726	1426223628726
1426223628727	1426223628726
1426223628728	1426223628726
1426223628729	1426223628726
1426223629089	1426223629089
1426223629090	1426223629089
1426223629090	1426223629089
1426223629726	1426223629726
1426223629727	1426223629725
1426223629728	1426223629726
1426223630090	1426223630090
1426223630090	1426223630090
1426223630092	1426223630090
1426223630724	1426223630724
1426223631089	1426223631089
1426223631090	1426223631089
1426223631090	1426223631089
1426223631092	1426223631089
1426223631728	1426223631726
1426223631729	1426223631725
1426223632094	1426223632094
1426223632094	1426223632094
1426223632099	1426223632094
1426223632730	1426223632730
1426223632731	1426223632730
1426223632731	1426223632730
1426223633093	1426223633093
1426223633094	1426223633093
1426223633094	1426223633093
1426223633730	1426223633729
1426223633731	1426223633730
1426223634094	1426223634093
1426223634095	1426223634094
1426223634737	1426223634734
1426223635096	1426223635093
1426223635103	1426223635093
1426223635734	1426223635734
1426223635735	1426223635735
1426223636095	1426223636094
1426223636097	1426223636094
1426223636734	1426223636733
1426223636735	1426223636733
1426223636736	1426223636733
1426223637099	1426223637098
1426223637100	1426223637098
1426223637102	1426223637098
1426223637734	1426223637734
1426223637734	1426223637734
1426223637734	1426223637734
1426223637735	1426223637734
1426223638098	1426223638098
1426223638099	1426223638098
1426223638104	1426223638098
1426223638105	1426223638098
1426223638733	1426223638733
1426223638736	1426223638733
1426223639097	1426223639097
1426223639099	1426223639099
1426223639735	1426223639733
1426223639735	1426223639733
1426223640103	1426223640102
1426223640734	1426223640734
1426223640735	1426223640734
1426223640735	1426223640734
1426223641101	1426223641101
1426223641105	1426223641102
1426223641740	1426223641738
1426223642102	1426223642101
1426223642104	1426223642102
1426223642105	1426223642102
1426223642738	1426223642737
1426223642738	1426223642737
1426223642740	1426223642737
1426223643102	1426223643102
1426223643102	1426223643102
1426223643102	1426223643102
1426223643103	1426223643102
1426223643738	1426223643737
1426223643745	1426223643739
1426223644102	1426223644102
1426223644738	1426223644737
1426223644739	1426223644737
1426223645104	1426223645102
1426223645105	1426223645102
1426223645105	1426223645102
1426223645738	1426223645737
1426223645739	1426223645738
1426223646103	1426223646103
1426223646103	1426223646103
1426223646104	1426223646103
1426223646105	1426223646103
1426223646744	1426223646742
1426223646744	1426223646741
1426223647107	1426223647106
1426223647737	1426223647737
1426223647737	1426223647737
1426223647738	1426223647737
1426223647738	1426223647737
1426223648102	1426223648101
1426223648103	1426223648102
1426223648104	1426223648102
1426223648738	1426223648738
1426223648740	1426223648738
1426223649106	1426223649106
1426223649106	1426223649106
1426223649108	1426223649106
1426223649108	1426223649106
1426223649738	1426223649737
1426223649739	1426223649738
1426223649740	1426223649738
1426223650108	1426223650107
1426223650737	1426223650737
1426223650738	1426223650737
1426223650740	1426223650737
1426223651110	1426223651110
1426223651112	1426223651111
1426223651743	1426223651741
1426223651743	1426223651741
1426223652111	1426223652111
1426223652112	1426223652111
1426223652113	1426223652111
1426223652741	1426223652741
1426223652742	1426223652741
1426223652743	1426223652741
1426223652743	1426223652742
1426223653114	1426223653113
1426223653115	1426223653113
1426223653743	1426223653741
1426223653744	1426223653742
1426223654114	1426223654114
1426223654116	1426223654114
1426223654116	1426223654114
1426223654743	1426223654742
1426223655113	1426223655113
1426223655113	1426223655113
1426223655121	1426223655113
1426223655741	1426223655741
1426223655741	1426223655741
1426223655742	1426223655741
1426223656114	1426223656113
1426223656115	1426223656113
1426223656741	1426223656741
1426223656742	1426223656742
1426223657114	1426223657114
1426223657116	1426223657115
1426223657743	1426223657743
1426223657743	1426223657743
1426223657744	1426223657743
1426223657744	1426223657743
1426223658121	1426223658113
1426223658121	1426223658113
1426223658741	1426223658741
1426223659114	1426223659114
1426223659115	1426223659114
1426223659115	1426223659114
1426223659116	1426223659114
1426223659742	1426223659741
1426223659743	1426223659742
1426223660115	1426223660113
1426223660742	1426223660742
1426223660742	1426223660742
1426223660745	1426223660742
1426223661118	1426223661118
1426223661119	1426223661118
1426223661121	1426223661118
1426223661742	1426223661742
1426223661743	1426223661742
1426223662114	1426223662113
1426223662115	1426223662114
1426223662742	1426223662741
1426223662743	1426223662741
1426223663114	1426223663114
1426223663742	1426223663741
1426223663744	1426223663742
1426223664123	1426223664123
1426223664742	1426223664741
1426223664746	1426223664741
1426223665123	1426223665118
1426223665125	1426223665121
1426223665738	1426223665738
1426223665738	1426223665738
1426223665739	1426223665738
1426223665739	1426223665738
1426223666117	1426223666117
1426223666119	1426223666118
1426223666742	1426223666742
1426223666749	1426223666743
1426223667120	1426223667120
1426223667121	1426223667120
1426223667121	1426223667120
1426223667741	1426223667741
1426223667742	1426223667741
1426223667742	1426223667741
1426223667743	1426223667741
1426223668122	1426223668122
1426223668122	1426223668122
1426223668122	1426223668122
1426223668123	1426223668122
1426223668745	1426223668745
1426223668746	1426223668745
1426223668746	1426223668745
1426223668747	1426223668745
1426223669122	1426223669122
1426223669123	1426223669122
1426223669125	1426223669122
1426223669751	1426223669751
1426223669754	1426223669751
1426223670128	1426223670126
1426223670128	1426223670128
1426223670129	1426223670128
1426223670746	1426223670745
1426223670747	1426223670747
1426223671124	1426223671122
1426223671124	1426223671122
1426223671749	1426223671749
1426223671750	1426223671749
1426223671750	1426223671749
1426223671751	1426223671749
1426223672122	1426223672122
1426223672123	1426223672123
1426223672124	1426223672123
1426223672754	1426223672753
1426223672754	1426223672753
1426223672757	1426223672753
1426223673123	1426223673122
1426223673755	1426223673753
1426223674122	1426223674122
1426223674122	1426223674122
1426223674123	1426223674122
1426223674757	1426223674755
1426223675121	1426223675121
1426223675121	1426223675121
1426223675126	1426223675121
1426223675127	1426223675121
1426223675753	1426223675753
1426223675753	1426223675753
1426223675754	1426223675753
1426223675754	1426223675753
1426223676126	1426223676126
1426223676132	1426223676126
1426223676755	1426223676754
1426223676760	1426223676754
1426223677127	1426223677127
1426223677754	1426223677754
1426223677757	1426223677757
1426223678130	1426223678129
1426223678757	1426223678757
1426223678758	1426223678757
1426223678758	1426223678757
1426223679130	1426223679130
1426223679133	1426223679130
1426223679760	1426223679757
1426223680130	1426223680130
1426223680131	1426223680130
1426223680131	1426223680130
