1426217855901	1426217855716
1426217855903	1426217855716
1426217860306	1426217860296
1426217860310	1426217860296
1426217860562	1426217860552
1426217860563	1426217860552
1426217862566	1426217862558
1426217862571	1426217862563
1426217862574	1426217862563
1426217862585	1426217862559
1426217862589	1426217862563
1426217862636	1426217862562
1426217862645	1426217862564
1426217862793	1426217862566
1426217862799	1426217862567
1426217867388	1426217867356
1426217867413	1426217867358
1426217869361	1426217869352
1426217869379	1426217869352
1426217871121	1426217871118
1426217871121	1426217871118
1426217871403	1426217871399
1426217871406	1426217871397
1426217871409	1426217871400
1426217871410	1426217871399
1426217871410	1426217871404
1426217871412	1426217871399
1426217871413	1426217871404
1426217871415	1426217871404
1426217871415	1426217871404
1426217871415	1426217871404
1426217871417	1426217871404
1426217876362	1426217876356
1426217876366	1426217876358
1426217881361	1426217881357
1426217881365	1426217881359
1426217883553	1426217883544
1426217883553	1426217883544
1426217886362	1426217886356
1426217886364	1426217886357
1426217890840	1426217890833
1426217890841	1426217890833
1426217891363	1426217891356
1426217891365	1426217891358
1426217896362	1426217896357
1426217896365	1426217896358
1426217897415	1426217897409
1426217897415	1426217897409
1426217898434	1426217898429
1426217898435	1426217898429
1426217900238	1426217900232
1426217900238	1426217900232
1426217901177	1426217901172
1426217901179	1426217901172
1426217901363	1426217901357
1426217901364	1426217901358
1426217904567	1426217904560
1426217904568	1426217904560
1426217904725	1426217904720
1426217904727	1426217904720
1426217906362	1426217906358
1426217906364	1426217906358
1426217909297	1426217909293
1426217909297	1426217909293
1426217911362	1426217911357
1426217911364	1426217911358
1426217911871	1426217911867
1426217911871	1426217911867
1426217916362	1426217916356
1426217916364	1426217916357
1426217919833	1426217919829
1426217919833	1426217919829
1426217919917	1426217919914
1426217919922	1426217919915
1426217919924	1426217919915
1426217919924	1426217919916
1426217919924	1426217919916
1426217919930	1426217919915
1426217920918	1426217920916
1426217920918	1426217920916
1426217920920	1426217920916
1426217920921	1426217920915
1426217920922	1426217920916
1426217920923	1426217920916
1426217921362	1426217921358
1426217921364	1426217921359
1426217921493	1426217921491
1426217921494	1426217921490
1426217921494	1426217921491
1426217921496	1426217921491
1426217921497	1426217921492
1426217921502	1426217921492
1426217921921	1426217921916
1426217921923	1426217921916
1426217921924	1426217921916
1426217921925	1426217921916
1426217921926	1426217921916
1426217921927	1426217921916
1426217922497	1426217922492
1426217922498	1426217922492
1426217922498	1426217922492
1426217922498	1426217922492
1426217922499	1426217922492
1426217922499	1426217922492
1426217922922	1426217922916
1426217922922	1426217922916
1426217922922	1426217922916
1426217922922	1426217922916
1426217922923	1426217922916
1426217922924	1426217922916
1426217923498	1426217923491
1426217923499	1426217923492
1426217923503	1426217923492
1426217923504	1426217923491
1426217923505	1426217923491
1426217923506	1426217923492
1426217923921	1426217923918
1426217923921	1426217923918
1426217923922	1426217923918
1426217923924	1426217923918
1426217923924	1426217923918
1426217923926	1426217923918
1426217924498	1426217924492
1426217924498	1426217924492
1426217924499	1426217924491
1426217924499	1426217924492
1426217924499	1426217924492
1426217924501	1426217924492
1426217924922	1426217924919
1426217924922	1426217924919
1426217924923	1426217924919
1426217924924	1426217924919
1426217924925	1426217924919
1426217924927	1426217924919
1426217925498	1426217925492
1426217925498	1426217925493
1426217925498	1426217925493
1426217925499	1426217925493
1426217925499	1426217925493
1426217925500	1426217925493
1426217925921	1426217925918
1426217925922	1426217925918
1426217925922	1426217925918
1426217925922	1426217925918
1426217925923	1426217925918
1426217925924	1426217925918
1426217926358	1426217926351
1426217926360	1426217926351
1426217926363	1426217926357
1426217926369	1426217926359
1426217926498	1426217926492
1426217926498	1426217926491
1426217926499	1426217926492
1426217926500	1426217926492
1426217926500	1426217926492
1426217926501	1426217926492
1426217926927	1426217926920
1426217926927	1426217926920
1426217926929	1426217926920
1426217926929	1426217926920
1426217926929	1426217926920
1426217926931	1426217926920
1426217927498	1426217927492
1426217927498	1426217927492
1426217927498	1426217927492
1426217927499	1426217927492
1426217927499	1426217927492
1426217927500	1426217927492
1426217927926	1426217927920
1426217927927	1426217927920
1426217927927	1426217927920
1426217927929	1426217927921
1426217927930	1426217927921
1426217927930	1426217927921
1426217928502	1426217928496
1426217928502	1426217928496
1426217928502	1426217928496
1426217928504	1426217928496
1426217928504	1426217928496
1426217928504	1426217928496
1426217928927	1426217928921
1426217928927	1426217928921
1426217928927	1426217928921
1426217928928	1426217928921
1426217928934	1426217928921
1426217928935	1426217928921
1426217929498	1426217929495
1426217929498	1426217929496
1426217929501	1426217929496
1426217929502	1426217929496
1426217929502	1426217929496
1426217929503	1426217929496
1426217929926	1426217929920
1426217929926	1426217929920
1426217929926	1426217929920
1426217929927	1426217929920
1426217929927	1426217929920
1426217929928	1426217929920
1426217930501	1426217930495
1426217930502	1426217930495
1426217930502	1426217930495
1426217930504	1426217930495
1426217930505	1426217930495
1426217930506	1426217930495
1426217930925	1426217930920
1426217930925	1426217930920
1426217930926	1426217930921
1426217930926	1426217930920
1426217930927	1426217930921
1426217930928	1426217930921
1426217931362	1426217931356
1426217931364	1426217931358
1426217931502	1426217931495
1426217931503	1426217931496
1426217931503	1426217931496
1426217931503	1426217931496
1426217931509	1426217931496
1426217931510	1426217931496
1426217931925	1426217931921
1426217931925	1426217931921
1426217931926	1426217931921
1426217931926	1426217931921
1426217931927	1426217931921
1426217931928	1426217931921
1426217932501	1426217932497
1426217932501	1426217932497
1426217932503	1426217932497
1426217932503	1426217932497
1426217932504	1426217932497
1426217932504	1426217932497
1426217932925	1426217932921
1426217932925	1426217932921
1426217932925	1426217932921
1426217932927	1426217932921
1426217932927	1426217932921
1426217932927	1426217932921
1426217933502	1426217933499
1426217933503	1426217933499
1426217933503	1426217933499
1426217933504	1426217933499
1426217933504	1426217933499
1426217933504	1426217933499
1426217933926	1426217933923
1426217933926	1426217933922
1426217933927	1426217933923
1426217933927	1426217933923
1426217933928	1426217933923
1426217933928	1426217933923
1426217934510	1426217934500
1426217934510	1426217934500
1426217934510	1426217934500
1426217934511	1426217934500
1426217934517	1426217934500
1426217934517	1426217934500
1426217934929	1426217934924
1426217934929	1426217934924
1426217934929	1426217934924
1426217934930	1426217934924
1426217934930	1426217934924
1426217934930	1426217934924
1426217935506	1426217935501
1426217935506	1426217935501
1426217935507	1426217935501
1426217935510	1426217935500
1426217935511	1426217935501
1426217935512	1426217935501
1426217935929	1426217935924
1426217935929	1426217935924
1426217935930	1426217935924
1426217935930	1426217935924
1426217935930	1426217935924
1426217935931	1426217935924
1426217936363	1426217936358
1426217936364	1426217936358
1426217936506	1426217936500
1426217936506	1426217936499
1426217936506	1426217936500
1426217936506	1426217936500
1426217936508	1426217936500
1426217936508	1426217936500
1426217936929	1426217936924
1426217936929	1426217936924
1426217936930	1426217936924
1426217936933	1426217936924
1426217936933	1426217936924
1426217936934	1426217936924
1426217937506	1426217937502
1426217937506	1426217937502
1426217937513	1426217937502
1426217937514	1426217937502
1426217937514	1426217937502
1426217937514	1426217937502
1426217937930	1426217937924
1426217937930	1426217937924
1426217937930	1426217937924
1426217937931	1426217937924
1426217937932	1426217937924
1426217937932	1426217937924
1426217938505	1426217938501
1426217938506	1426217938501
1426217938506	1426217938501
1426217938506	1426217938501
1426217938507	1426217938501
1426217938507	1426217938501
1426217938929	1426217938924
1426217938929	1426217938924
1426217938930	1426217938924
1426217938930	1426217938924
1426217938930	1426217938924
1426217938930	1426217938924
1426217939509	1426217939504
1426217939509	1426217939504
1426217939510	1426217939504
1426217939510	1426217939505
1426217939510	1426217939505
1426217939512	1426217939505
1426217939929	1426217939924
1426217939930	1426217939924
1426217939930	1426217939924
1426217939930	1426217939924
1426217939930	1426217939924
1426217939931	1426217939924
1426217939953	1426217939951
1426217939953	1426217939951
1426217940514	1426217940506
1426217940515	1426217940507
1426217940515	1426217940506
1426217940516	1426217940506
1426217940516	1426217940507
1426217940517	1426217940507
1426217940929	1426217940926
1426217940930	1426217940926
1426217940930	1426217940926
1426217940931	1426217940926
1426217940932	1426217940926
1426217940932	1426217940926
1426217941361	1426217941357
1426217941364	1426217941358
1426217941499	1426217941493
1426217941499	1426217941493
1426217941513	1426217941508
1426217941513	1426217941508
1426217941515	1426217941508
1426217941515	1426217941508
1426217941516	1426217941508
1426217941516	1426217941508
1426217941933	1426217941929
1426217941933	1426217941928
1426217941935	1426217941929
1426217941935	1426217941929
1426217941935	1426217941929
1426217941936	1426217941929
1426217942513	1426217942509
1426217942514	1426217942509
1426217942514	1426217942508
1426217942514	1426217942509
1426217942514	1426217942509
1426217942515	1426217942509
1426217942933	1426217942929
1426217942933	1426217942929
1426217942935	1426217942929
1426217942935	1426217942929
1426217942937	1426217942928
1426217942938	1426217942929
1426217943513	1426217943508
1426217943513	1426217943509
1426217943514	1426217943508
1426217943514	1426217943508
1426217943515	1426217943509
1426217943515	1426217943508
1426217943929	1426217943928
1426217943930	1426217943928
1426217943930	1426217943928
1426217943931	1426217943928
1426217943931	1426217943928
1426217943932	1426217943928
1426217944513	1426217944509
1426217944513	1426217944509
1426217944514	1426217944509
1426217944515	1426217944509
1426217944516	1426217944509
1426217944518	1426217944509
1426217944933	1426217944931
1426217944933	1426217944931
1426217944933	1426217944930
1426217944935	1426217944931
1426217944935	1426217944931
1426217944937	1426217944931
1426217945426	1426217945421
1426217945429	1426217945421
1426217945512	1426217945509
1426217945513	1426217945509
1426217945513	1426217945509
1426217945514	1426217945509
1426217945515	1426217945509
1426217945517	1426217945509
1426217945938	1426217945932
1426217945938	1426217945932
1426217945939	1426217945932
1426217945939	1426217945932
1426217945940	1426217945932
1426217945940	1426217945932
1426217946363	1426217946357
1426217946365	1426217946358
1426217946421	1426217946417
1426217946424	1426217946417
1426217946514	1426217946509
1426217946514	1426217946508
1426217946514	1426217946509
1426217946515	1426217946509
1426217946515	1426217946509
1426217946516	1426217946509
1426217946939	1426217946933
1426217946939	1426217946933
1426217946939	1426217946933
1426217946941	1426217946933
1426217946941	1426217946933
1426217946943	1426217946933
1426217947513	1426217947509
1426217947513	1426217947509
1426217947514	1426217947509
1426217947514	1426217947509
1426217947515	1426217947509
1426217947515	1426217947509
1426217947943	1426217947936
1426217947943	1426217947936
1426217947943	1426217947936
1426217947944	1426217947937
1426217947945	1426217947937
1426217947945	1426217947937
1426217948440	1426217948428
1426217948440	1426217948428
1426217948518	1426217948512
1426217948518	1426217948512
1426217948518	1426217948512
1426217948519	1426217948512
1426217948519	1426217948512
1426217948520	1426217948512
1426217948946	1426217948940
1426217948946	1426217948940
1426217948946	1426217948940
1426217948947	1426217948940
1426217948948	1426217948940
1426217948948	1426217948940
1426217949445	1426217949441
1426217949447	1426217949441
1426217949517	1426217949512
1426217949518	1426217949512
1426217949518	1426217949512
1426217949519	1426217949512
1426217949520	1426217949511
1426217949521	1426217949512
1426217949946	1426217949941
1426217949947	1426217949941
1426217949947	1426217949941
1426217949948	1426217949941
1426217949948	1426217949941
1426217949949	1426217949941
1426217950518	1426217950514
1426217950518	1426217950514
1426217950518	1426217950515
1426217950519	1426217950515
1426217950521	1426217950514
1426217950522	1426217950515
1426217950945	1426217950941
1426217950946	1426217950941
1426217950947	1426217950941
1426217950947	1426217950941
1426217950948	1426217950941
1426217950948	1426217950941
1426217951361	1426217951357
1426217951364	1426217951358
1426217951518	1426217951513
1426217951519	1426217951513
1426217951519	1426217951513
1426217951520	1426217951513
1426217951521	1426217951513
1426217951522	1426217951513
1426217951949	1426217951940
1426217951949	1426217951940
1426217951950	1426217951940
1426217951951	1426217951940
1426217951952	1426217951940
1426217951952	1426217951940
1426217952517	1426217952513
1426217952518	1426217952513
1426217952520	1426217952513
1426217952520	1426217952513
1426217952521	1426217952513
1426217952521	1426217952513
1426217952905	1426217952901
1426217952906	1426217952901
1426217952945	1426217952940
1426217952946	1426217952940
1426217952947	1426217952940
1426217952947	1426217952940
1426217952947	1426217952940
1426217952948	1426217952940
1426217953517	1426217953512
1426217953518	1426217953512
1426217953518	1426217953512
1426217953519	1426217953512
1426217953522	1426217953512
1426217953524	1426217953512
1426217953942	1426217953940
1426217953943	1426217953940
1426217953945	1426217953940
1426217953946	1426217953940
1426217953946	1426217953940
1426217953947	1426217953940
1426217954517	1426217954512
1426217954517	1426217954512
1426217954518	1426217954512
1426217954525	1426217954512
1426217954525	1426217954512
1426217954526	1426217954512
1426217954945	1426217954941
1426217954946	1426217954941
1426217954947	1426217954941
1426217954948	1426217954941
1426217954950	1426217954941
1426217954952	1426217954941
1426217955517	1426217955512
1426217955517	1426217955512
1426217955517	1426217955512
1426217955519	1426217955512
1426217955521	1426217955512
1426217955523	1426217955512
1426217955946	1426217955943
1426217955946	1426217955943
1426217955948	1426217955943
1426217955948	1426217955943
1426217955948	1426217955943
1426217955950	1426217955943
1426217955953	1426217955951
1426217955954	1426217955951
1426217956362	1426217956356
1426217956363	1426217956357
1426217956518	1426217956514
1426217956518	1426217956514
1426217956519	1426217956513
1426217956519	1426217956514
1426217956520	1426217956514
1426217956520	1426217956514
1426217956954	1426217956945
1426217956955	1426217956944
1426217956956	1426217956945
1426217956956	1426217956945
1426217956957	1426217956945
1426217956957	1426217956945
1426217957518	1426217957513
1426217957518	1426217957513
1426217957518	1426217957513
1426217957519	1426217957513
1426217957520	1426217957513
1426217957520	1426217957513
1426217957950	1426217957946
1426217957950	1426217957946
1426217957950	1426217957946
1426217957952	1426217957946
1426217957952	1426217957946
1426217957952	1426217957946
1426217958517	1426217958513
1426217958518	1426217958513
1426217958518	1426217958512
1426217958520	1426217958513
1426217958520	1426217958513
1426217958521	1426217958513
1426217958950	1426217958945
1426217958950	1426217958945
1426217958952	1426217958945
1426217958952	1426217958945
1426217958953	1426217958945
1426217958953	1426217958945
1426217959518	1426217959512
1426217959518	1426217959512
1426217959520	1426217959512
1426217959522	1426217959512
1426217959522	1426217959512
1426217959524	1426217959512
1426217959958	1426217959949
1426217959958	1426217959949
1426217959959	1426217959949
1426217959959	1426217959949
1426217959960	1426217959949
1426217959960	1426217959949
1426217960515	1426217960511
1426217960515	1426217960512
1426217960517	1426217960512
1426217960518	1426217960512
1426217960519	1426217960512
1426217960521	1426217960512
1426217960953	1426217960948
1426217960953	1426217960948
1426217960955	1426217960949
1426217960957	1426217960948
1426217960958	1426217960949
1426217960958	1426217960949
1426217961361	1426217961358
1426217961362	1426217961359
1426217961518	1426217961515
1426217961518	1426217961515
1426217961519	1426217961515
1426217961520	1426217961515
1426217961521	1426217961514
1426217961522	1426217961515
1426217961954	1426217961948
1426217961954	1426217961948
1426217961954	1426217961949
1426217961955	1426217961949
1426217961957	1426217961948
1426217961958	1426217961949
1426217962518	1426217962514
1426217962518	1426217962514
1426217962524	1426217962514
1426217962524	1426217962514
1426217962525	1426217962513
1426217962526	1426217962514
1426217962953	1426217962950
1426217962953	1426217962951
1426217962953	1426217962950
1426217962954	1426217962951
1426217962955	1426217962951
1426217962956	1426217962950
1426217963118	1426217963115
1426217963118	1426217963115
1426217963518	1426217963515
1426217963519	1426217963515
1426217963521	1426217963515
1426217963521	1426217963515
1426217963521	1426217963514
1426217963522	1426217963515
1426217963957	1426217963951
1426217963958	1426217963951
1426217963960	1426217963951
1426217963961	1426217963951
1426217963962	1426217963951
1426217963963	1426217963951
1426217964521	1426217964516
1426217964521	1426217964516
1426217964522	1426217964516
1426217964522	1426217964516
1426217964523	1426217964516
1426217964525	1426217964516
1426217964958	1426217964951
1426217964958	1426217964951
1426217964958	1426217964951
1426217964960	1426217964951
1426217964960	1426217964951
1426217964962	1426217964951
1426217965522	1426217965518
1426217965522	1426217965518
1426217965523	1426217965518
1426217965524	1426217965518
1426217965524	1426217965518
1426217965525	1426217965518
1426217965957	1426217965952
1426217965959	1426217965952
1426217965961	1426217965952
1426217965963	1426217965952
1426217965963	1426217965952
1426217965966	1426217965952
1426217966362	1426217966357
1426217966365	1426217966358
1426217966524	1426217966520
1426217966525	1426217966520
1426217966525	1426217966520
1426217966526	1426217966520
1426217966526	1426217966520
1426217966529	1426217966520
1426217966553	1426217966548
1426217966553	1426217966548
1426217966957	1426217966952
1426217966957	1426217966952
1426217966957	1426217966952
1426217966959	1426217966952
1426217966959	1426217966952
1426217966961	1426217966952
1426217967526	1426217967520
1426217967526	1426217967520
1426217967527	1426217967520
1426217967527	1426217967520
1426217967527	1426217967520
1426217967529	1426217967520
1426217967962	1426217967953
1426217967962	1426217967952
1426217967962	1426217967953
1426217967963	1426217967953
1426217967964	1426217967953
1426217967964	1426217967953
1426217968526	1426217968520
1426217968526	1426217968520
1426217968526	1426217968520
1426217968527	1426217968520
1426217968528	1426217968520
1426217968528	1426217968520
1426217968957	1426217968953
1426217968958	1426217968953
1426217968958	1426217968953
1426217968959	1426217968953
1426217968959	1426217968953
1426217968959	1426217968953
1426217969526	1426217969522
1426217969526	1426217969521
1426217969526	1426217969521
1426217969527	1426217969521
1426217969527	1426217969522
1426217969528	1426217969522
1426217969957	1426217969952
1426217969958	1426217969952
1426217969958	1426217969952
1426217969959	1426217969952
1426217969960	1426217969952
1426217969960	1426217969952
1426217970526	1426217970522
1426217970526	1426217970523
1426217970526	1426217970522
1426217970527	1426217970522
1426217970528	1426217970523
1426217970529	1426217970523
1426217970957	1426217970951
1426217970962	1426217970952
1426217970963	1426217970952
1426217970964	1426217970952
1426217970964	1426217970952
1426217970965	1426217970952
1426217971365	1426217971360
1426217971366	1426217971361
1426217971527	1426217971525
1426217971527	1426217971525
1426217971528	1426217971525
1426217971529	1426217971525
1426217971529	1426217971525
1426217971530	1426217971525
1426217971957	1426217971952
1426217971957	1426217971952
1426217971959	1426217971952
1426217971961	1426217971952
1426217971961	1426217971952
1426217971963	1426217971952
1426217972530	1426217972527
1426217972530	1426217972527
1426217972531	1426217972527
1426217972531	1426217972527
1426217972532	1426217972527
1426217972534	1426217972527
1426217972958	1426217972953
1426217972959	1426217972953
1426217972959	1426217972953
1426217972961	1426217972953
1426217972962	1426217972953
1426217972962	1426217972953
1426217973082	1426217973076
1426217973082	1426217973076
1426217973534	1426217973529
1426217973534	1426217973528
1426217973535	1426217973529
1426217973539	1426217973529
1426217973541	1426217973529
1426217973541	1426217973529
1426217973957	1426217973952
1426217973957	1426217973952
1426217973957	1426217973952
1426217973958	1426217973952
1426217973959	1426217973952
1426217973960	1426217973952
1426217974533	1426217974531
1426217974534	1426217974531
1426217974534	1426217974531
1426217974535	1426217974532
1426217974536	1426217974532
1426217974536	1426217974531
1426217974957	1426217974952
1426217974957	1426217974952
1426217974958	1426217974952
1426217974958	1426217974952
1426217974960	1426217974952
1426217974960	1426217974952
1426217975538	1426217975532
1426217975538	1426217975532
1426217975538	1426217975532
1426217975539	1426217975532
1426217975540	1426217975532
1426217975541	1426217975532
1426217975957	1426217975953
1426217975958	1426217975953
1426217975958	1426217975953
1426217975958	1426217975953
1426217975959	1426217975953
1426217975959	1426217975953
1426217976361	1426217976358
1426217976363	1426217976359
1426217976542	1426217976531
1426217976542	1426217976532
1426217976542	1426217976532
1426217976543	1426217976532
1426217976544	1426217976532
1426217976544	1426217976532
1426217976957	1426217976952
1426217976958	1426217976952
1426217976959	1426217976952
1426217976960	1426217976952
1426217976961	1426217976952
1426217976961	1426217976952
1426217977537	1426217977533
1426217977537	1426217977533
1426217977538	1426217977533
1426217977538	1426217977533
1426217977539	1426217977533
1426217977539	1426217977533
1426217977957	1426217977952
1426217977958	1426217977952
1426217977958	1426217977951
1426217977958	1426217977952
1426217977959	1426217977952
1426217977959	1426217977952
1426217978537	1426217978533
1426217978538	1426217978533
1426217978539	1426217978532
1426217978539	1426217978533
1426217978541	1426217978533
1426217978542	1426217978533
1426217978958	1426217978954
1426217978958	1426217978954
1426217978958	1426217978954
1426217978959	1426217978953
1426217978963	1426217978954
1426217978964	1426217978954
1426217979537	1426217979531
1426217979537	1426217979532
1426217979537	1426217979532
1426217979538	1426217979532
1426217979540	1426217979532
1426217979541	1426217979532
1426217979958	1426217979953
1426217979958	1426217979952
1426217979958	1426217979953
1426217979960	1426217979953
1426217979960	1426217979953
1426217979961	1426217979953
1426217980259	1426217980252
1426217980260	1426217980252
1426217980537	1426217980531
1426217980538	1426217980531
1426217980538	1426217980532
1426217980539	1426217980532
1426217980540	1426217980531
1426217980541	1426217980532
1426217980957	1426217980951
1426217980958	1426217980952
1426217980959	1426217980952
1426217980959	1426217980952
1426217980960	1426217980952
1426217980960	1426217980952
1426217981361	1426217981356
1426217981362	1426217981357
1426217981537	1426217981534
1426217981538	1426217981534
1426217981538	1426217981534
1426217981539	1426217981534
1426217981539	1426217981534
1426217981541	1426217981534
1426217981957	1426217981953
1426217981957	1426217981954
1426217981958	1426217981954
1426217981958	1426217981954
1426217981959	1426217981954
1426217981960	1426217981954
1426217982538	1426217982534
1426217982538	1426217982533
1426217982540	1426217982533
1426217982541	1426217982533
1426217982542	1426217982534
1426217982542	1426217982533
1426217982958	1426217982956
1426217982959	1426217982956
1426217982961	1426217982956
1426217982962	1426217982956
1426217982962	1426217982955
1426217982963	1426217982956
1426217983537	1426217983532
1426217983537	1426217983532
1426217983539	1426217983532
1426217983539	1426217983532
1426217983539	1426217983532
1426217983540	1426217983532
1426217983962	1426217983957
1426217983962	1426217983957
1426217983962	1426217983958
1426217983963	1426217983958
1426217983964	1426217983957
1426217983964	1426217983957
1426217984534	1426217984532
1426217984534	1426217984532
1426217984535	1426217984532
1426217984535	1426217984532
1426217984536	1426217984532
1426217984536	1426217984532
1426217984965	1426217984959
1426217984965	1426217984959
1426217984965	1426217984959
1426217984966	1426217984959
1426217984967	1426217984959
1426217984967	1426217984959
1426217985534	1426217985532
1426217985534	1426217985532
1426217985536	1426217985532
1426217985537	1426217985532
1426217985537	1426217985532
1426217985538	1426217985532
1426217985970	1426217985963
1426217985970	1426217985963
1426217985971	1426217985963
1426217985971	1426217985963
1426217985972	1426217985963
1426217985972	1426217985963
1426217986106	1426217986101
1426217986107	1426217986101
1426217986376	1426217986356
1426217986380	1426217986358
1426217986537	1426217986532
1426217986538	1426217986532
1426217986538	1426217986532
1426217986538	1426217986532
1426217986539	1426217986532
1426217986540	1426217986532
1426217986969	1426217986964
1426217986969	1426217986964
1426217986969	1426217986964
1426217986970	1426217986964
1426217986970	1426217986964
1426217986970	1426217986964
1426217987543	1426217987533
1426217987543	1426217987533
1426217987544	1426217987533
1426217987544	1426217987533
1426217987544	1426217987533
1426217987546	1426217987533
1426217987969	1426217987965
1426217987970	1426217987965
1426217987970	1426217987965
1426217987971	1426217987965
1426217987971	1426217987965
1426217987973	1426217987965
1426217988537	1426217988533
1426217988538	1426217988533
1426217988538	1426217988533
1426217988539	1426217988533
1426217988540	1426217988533
1426217988541	1426217988533
1426217988970	1426217988964
1426217988970	1426217988964
1426217988970	1426217988964
1426217988970	1426217988964
1426217988972	1426217988964
1426217988973	1426217988964
1426217989537	1426217989532
1426217989538	1426217989532
1426217989538	1426217989532
1426217989538	1426217989532
1426217989539	1426217989532
1426217989540	1426217989532
1426217989969	1426217989964
1426217989970	1426217989965
1426217989970	1426217989965
1426217989971	1426217989965
1426217989971	1426217989965
1426217989972	1426217989965
1426217990541	1426217990531
1426217990541	1426217990532
1426217990542	1426217990532
1426217990542	1426217990532
1426217990542	1426217990532
1426217990544	1426217990532
1426217990970	1426217990965
1426217990971	1426217990965
1426217990971	1426217990965
1426217990972	1426217990965
1426217990972	1426217990965
1426217990974	1426217990965
1426217991363	1426217991357
1426217991365	1426217991358
1426217991537	1426217991534
1426217991537	1426217991534
1426217991538	1426217991534
1426217991539	1426217991534
1426217991540	1426217991534
1426217991540	1426217991534
1426217991974	1426217991968
1426217991974	1426217991968
1426217991974	1426217991968
1426217991975	1426217991968
1426217991976	1426217991968
1426217991976	1426217991968
1426217992538	1426217992533
1426217992538	1426217992535
1426217992538	1426217992535
1426217992540	1426217992535
1426217992540	1426217992535
1426217992540	1426217992535
1426217992974	1426217992967
1426217992975	1426217992968
1426217992976	1426217992968
1426217992977	1426217992968
1426217992977	1426217992968
1426217992979	1426217992968
1426217993433	1426217993430
1426217993443	1426217993430
1426217993538	1426217993535
1426217993538	1426217993536
1426217993539	1426217993535
1426217993542	1426217993535
1426217993542	1426217993535
1426217993543	1426217993536
1426217993973	1426217993969
1426217993973	1426217993968
1426217993974	1426217993968
1426217993975	1426217993968
1426217993975	1426217993969
1426217993977	1426217993968
1426217994422	1426217994417
1426217994422	1426217994417
1426217994541	1426217994536
1426217994542	1426217994536
1426217994542	1426217994536
1426217994543	1426217994536
1426217994543	1426217994536
1426217994546	1426217994536
1426217994974	1426217994969
1426217994974	1426217994969
1426217994975	1426217994969
1426217994976	1426217994969
1426217994976	1426217994969
1426217994977	1426217994969
1426217995538	1426217995536
1426217995538	1426217995536
1426217995539	1426217995536
1426217995540	1426217995536
1426217995540	1426217995536
1426217995546	1426217995536
1426217995973	1426217995968
1426217995974	1426217995968
1426217995974	1426217995968
1426217995975	1426217995968
1426217995975	1426217995969
1426217995977	1426217995969
1426217996363	1426217996357
1426217996365	1426217996358
1426217996541	1426217996536
1426217996541	1426217996535
1426217996542	1426217996535
1426217996544	1426217996535
1426217996544	1426217996535
1426217996545	1426217996536
1426217996738	1426217996732
1426217996740	1426217996732
1426217996973	1426217996968
1426217996973	1426217996967
1426217996973	1426217996968
1426217996974	1426217996969
1426217996974	1426217996969
1426217996974	1426217996969
1426217997122	1426217997117
1426217997123	1426217997117
1426217997541	1426217997537
1426217997541	1426217997537
1426217997542	1426217997537
1426217997546	1426217997537
1426217997546	1426217997537
1426217997548	1426217997537
1426217997973	1426217997970
1426217997973	1426217997970
1426217997976	1426217997971
1426217997982	1426217997970
1426217997982	1426217997971
1426217997984	1426217997971
1426217998542	1426217998536
1426217998542	1426217998536
1426217998543	1426217998536
1426217998544	1426217998537
1426217998544	1426217998537
1426217998544	1426217998537
1426217998973	1426217998969
1426217998974	1426217998969
1426217998974	1426217998969
1426217998975	1426217998969
1426217998975	1426217998969
1426217998976	1426217998969
1426217999542	1426217999538
1426217999542	1426217999538
1426217999543	1426217999538
1426217999543	1426217999538
1426217999543	1426217999538
1426217999544	1426217999538
1426217999973	1426217999969
1426217999973	1426217999969
1426217999974	1426217999969
1426217999981	1426217999969
1426217999982	1426217999969
1426217999982	1426217999969
1426218000397	1426218000393
1426218000397	1426218000393
1426218000541	1426218000537
1426218000542	1426218000537
1426218000542	1426218000537
1426218000543	1426218000538
1426218000543	1426218000538
1426218000545	1426218000538
1426218000859	1426218000852
1426218000859	1426218000852
1426218000974	1426218000969
1426218000974	1426218000969
1426218000974	1426218000969
1426218000976	1426218000969
1426218000978	1426218000969
1426218000978	1426218000969
1426218001362	1426218001357
1426218001364	1426218001358
1426218001546	1426218001540
1426218001546	1426218001540
1426218001547	1426218001540
1426218001549	1426218001540
1426218001550	1426218001540
1426218001551	1426218001540
1426218001974	1426218001968
1426218001974	1426218001968
1426218001975	1426218001968
1426218001976	1426218001968
1426218001977	1426218001968
1426218001977	1426218001968
1426218002549	1426218002540
1426218002550	1426218002540
1426218002550	1426218002540
1426218002550	1426218002540
1426218002551	1426218002540
1426218002552	1426218002540
1426218002973	1426218002968
1426218002973	1426218002968
1426218002973	1426218002968
1426218002976	1426218002968
1426218002976	1426218002968
1426218002976	1426218002968
1426218003011	1426218003006
1426218003012	1426218003006
1426218003545	1426218003542
1426218003546	1426218003542
1426218003546	1426218003542
1426218003546	1426218003541
1426218003547	1426218003542
1426218003548	1426218003542
1426218003974	1426218003968
1426218003975	1426218003968
1426218003976	1426218003968
1426218003976	1426218003968
1426218003977	1426218003968
1426218003977	1426218003968
1426218004546	1426218004543
1426218004546	1426218004543
1426218004546	1426218004543
1426218004547	1426218004543
1426218004547	1426218004543
1426218004548	1426218004543
1426218004978	1426218004970
1426218004978	1426218004970
1426218004979	1426218004970
1426218004979	1426218004970
1426218004981	1426218004970
1426218004981	1426218004970
1426218005549	1426218005545
1426218005550	1426218005545
1426218005550	1426218005545
1426218005551	1426218005545
1426218005552	1426218005545
1426218005552	1426218005545
1426218005973	1426218005969
1426218005975	1426218005969
1426218005976	1426218005969
1426218005977	1426218005970
1426218005977	1426218005970
1426218005977	1426218005970
1426218006363	1426218006357
1426218006365	1426218006357
1426218006550	1426218006548
1426218006550	1426218006548
1426218006550	1426218006548
1426218006551	1426218006546
1426218006552	1426218006548
1426218006553	1426218006548
1426218006973	1426218006969
1426218006973	1426218006969
1426218006973	1426218006968
1426218006974	1426218006969
1426218006974	1426218006969
1426218006974	1426218006969
1426218007553	1426218007550
1426218007553	1426218007550
1426218007553	1426218007549
1426218007555	1426218007550
1426218007555	1426218007550
1426218007560	1426218007550
1426218007973	1426218007968
1426218007974	1426218007968
1426218007975	1426218007968
1426218007977	1426218007968
1426218007978	1426218007968
1426218007978	1426218007968
1426218008426	1426218008420
1426218008431	1426218008420
1426218008553	1426218008549
1426218008553	1426218008549
1426218008554	1426218008549
1426218008555	1426218008549
1426218008555	1426218008548
1426218008557	1426218008549
1426218008977	1426218008972
1426218008978	1426218008972
1426218008978	1426218008972
1426218008978	1426218008972
1426218008979	1426218008972
1426218008980	1426218008972
1426218009517	1426218009512
1426218009518	1426218009512
1426218009554	1426218009551
1426218009554	1426218009551
1426218009554	1426218009551
1426218009555	1426218009551
1426218009556	1426218009551
1426218009557	1426218009551
1426218009978	1426218009972
1426218009978	1426218009972
1426218009978	1426218009972
1426218009979	1426218009972
1426218009981	1426218009972
1426218009986	1426218009972
1426218010557	1426218010553
1426218010557	1426218010553
1426218010557	1426218010553
1426218010558	1426218010553
1426218010559	1426218010553
1426218010559	1426218010553
1426218010978	1426218010972
1426218010978	1426218010972
1426218010979	1426218010972
1426218010980	1426218010972
1426218010980	1426218010972
1426218010981	1426218010972
1426218011361	1426218011357
1426218011362	1426218011358
1426218011558	1426218011553
1426218011558	1426218011553
1426218011559	1426218011553
1426218011561	1426218011553
1426218011562	1426218011553
1426218011563	1426218011553
1426218011977	1426218011973
1426218011977	1426218011973
1426218011977	1426218011973
1426218011978	1426218011973
1426218011979	1426218011973
1426218011979	1426218011973
1426218012558	1426218012552
1426218012558	1426218012552
1426218012559	1426218012552
1426218012560	1426218012552
1426218012560	1426218012552
1426218012561	1426218012552
1426218012982	1426218012972
1426218012982	1426218012972
1426218012982	1426218012972
1426218012983	1426218012972
1426218012983	1426218012972
1426218012984	1426218012972
1426218013558	1426218013552
1426218013558	1426218013552
1426218013559	1426218013553
1426218013559	1426218013553
1426218013560	1426218013552
1426218013561	1426218013553
1426218013981	1426218013976
1426218013981	1426218013976
1426218013982	1426218013976
1426218013982	1426218013976
1426218013983	1426218013976
1426218013984	1426218013976
1426218014558	1426218014552
1426218014558	1426218014552
1426218014558	1426218014552
1426218014559	1426218014552
1426218014559	1426218014552
1426218014559	1426218014552
1426218014981	1426218014976
1426218014981	1426218014976
1426218014982	1426218014976
1426218014983	1426218014976
1426218014983	1426218014976
1426218014984	1426218014976
1426218015069	1426218015067
1426218015070	1426218015067
1426218015559	1426218015556
1426218015559	1426218015556
1426218015560	1426218015556
1426218015561	1426218015556
1426218015562	1426218015556
1426218015563	1426218015556
1426218015982	1426218015976
1426218015983	1426218015976
1426218015983	1426218015976
1426218015984	1426218015976
1426218015984	1426218015976
1426218015985	1426218015976
1426218016361	1426218016358
1426218016362	1426218016359
1426218016561	1426218016556
1426218016561	1426218016556
1426218016561	1426218016556
1426218016563	1426218016556
1426218016563	1426218016556
1426218016564	1426218016556
1426218016981	1426218016976
1426218016981	1426218016976
1426218016981	1426218016976
1426218016983	1426218016976
1426218016983	1426218016976
1426218016985	1426218016976
1426218017562	1426218017556
1426218017562	1426218017556
1426218017563	1426218017556
1426218017563	1426218017556
1426218017564	1426218017556
1426218017565	1426218017556
1426218017978	1426218017976
1426218017981	1426218017976
1426218017982	1426218017976
1426218017982	1426218017975
1426218017983	1426218017976
1426218017983	1426218017976
1426218018562	1426218018557
1426218018567	1426218018557
1426218018567	1426218018557
1426218018567	1426218018557
1426218018568	1426218018557
1426218018568	1426218018557
1426218018981	1426218018976
1426218018982	1426218018976
1426218018982	1426218018976
1426218018982	1426218018976
1426218018982	1426218018976
1426218018984	1426218018976
1426218019561	1426218019556
1426218019561	1426218019556
1426218019562	1426218019556
1426218019562	1426218019556
1426218019563	1426218019556
1426218019565	1426218019556
1426218019982	1426218019976
1426218019982	1426218019976
1426218019982	1426218019976
1426218019983	1426218019976
1426218019983	1426218019976
1426218019983	1426218019976
1426218020561	1426218020557
1426218020561	1426218020557
1426218020562	1426218020557
1426218020562	1426218020557
1426218020563	1426218020557
1426218020565	1426218020557
1426218020978	1426218020976
1426218020978	1426218020976
1426218020981	1426218020976
1426218020982	1426218020976
1426218020983	1426218020976
1426218020984	1426218020976
1426218021364	1426218021356
1426218021365	1426218021358
1426218021566	1426218021558
1426218021567	1426218021558
1426218021567	1426218021558
1426218021567	1426218021558
1426218021569	1426218021558
1426218021569	1426218021558
1426218021981	1426218021976
1426218021982	1426218021976
1426218021982	1426218021976
1426218021983	1426218021976
1426218021983	1426218021976
1426218021983	1426218021976
1426218022030	1426218022025
1426218022031	1426218022025
1426218022561	1426218022557
1426218022562	1426218022557
1426218022562	1426218022557
1426218022563	1426218022557
1426218022563	1426218022557
1426218022563	1426218022557
1426218022981	1426218022979
1426218022982	1426218022980
1426218022985	1426218022980
1426218022985	1426218022980
1426218022985	1426218022980
1426218022986	1426218022980
1426218023561	1426218023556
1426218023561	1426218023556
1426218023561	1426218023556
1426218023562	1426218023556
1426218023562	1426218023556
1426218023562	1426218023556
1426218023982	1426218023981
1426218023983	1426218023980
1426218023983	1426218023981
1426218023983	1426218023981
1426218023985	1426218023981
1426218023989	1426218023981
1426218024561	1426218024556
1426218024562	1426218024556
1426218024562	1426218024556
1426218024562	1426218024556
1426218024563	1426218024556
1426218024563	1426218024556
1426218024985	1426218024981
1426218024985	1426218024981
1426218024985	1426218024981
1426218024986	1426218024981
1426218024986	1426218024981
1426218024987	1426218024981
1426218025562	1426218025556
1426218025563	1426218025556
1426218025563	1426218025557
1426218025563	1426218025556
1426218025564	1426218025557
1426218025565	1426218025557
1426218025986	1426218025980
1426218025986	1426218025980
1426218025987	1426218025980
1426218025988	1426218025981
1426218025988	1426218025980
1426218025989	1426218025981
1426218026362	1426218026357
1426218026364	1426218026358
1426218026562	1426218026560
1426218026562	1426218026560
1426218026565	1426218026560
1426218026565	1426218026560
1426218026565	1426218026560
1426218026567	1426218026560
1426218026985	1426218026981
1426218026985	1426218026981
1426218026985	1426218026981
1426218026987	1426218026981
1426218026987	1426218026981
1426218026988	1426218026981
1426218027565	1426218027561
1426218027565	1426218027561
1426218027565	1426218027561
1426218027566	1426218027561
1426218027567	1426218027561
1426218027568	1426218027561
1426218027985	1426218027980
1426218027985	1426218027980
1426218027986	1426218027980
1426218027987	1426218027980
1426218027987	1426218027980
1426218027988	1426218027980
1426218028565	1426218028561
1426218028565	1426218028560
1426218028565	1426218028561
1426218028566	1426218028561
1426218028566	1426218028561
1426218028566	1426218028561
1426218028985	1426218028980
1426218028985	1426218028980
1426218028985	1426218028980
1426218028986	1426218028980
1426218028987	1426218028980
1426218028987	1426218028980
1426218029318	1426218029314
1426218029318	1426218029314
1426218029565	1426218029560
1426218029565	1426218029559
1426218029565	1426218029560
1426218029571	1426218029560
1426218029571	1426218029560
1426218029571	1426218029560
1426218029982	1426218029980
1426218029982	1426218029980
1426218029983	1426218029980
1426218029991	1426218029980
1426218029991	1426218029980
1426218029992	1426218029980
1426218030487	1426218030481
1426218030487	1426218030481
1426218030562	1426218030560
1426218030562	1426218030560
1426218030564	1426218030560
1426218030565	1426218030560
1426218030565	1426218030560
1426218030567	1426218030560
1426218030985	1426218030980
1426218030985	1426218030980
1426218030986	1426218030980
1426218030986	1426218030980
1426218030986	1426218030980
1426218030988	1426218030980
1426218031361	1426218031356
1426218031363	1426218031358
1426218031565	1426218031562
1426218031566	1426218031562
1426218031566	1426218031561
1426218031567	1426218031562
1426218031567	1426218031562
1426218031568	1426218031562
1426218031984	1426218031980
1426218031984	1426218031980
1426218031985	1426218031980
1426218031985	1426218031980
1426218031986	1426218031980
1426218031993	1426218031980
1426218032566	1426218032560
1426218032566	1426218032561
1426218032567	1426218032560
1426218032567	1426218032560
1426218032569	1426218032560
1426218032570	1426218032561
1426218032985	1426218032980
1426218032985	1426218032980
1426218032986	1426218032980
1426218032986	1426218032980
1426218032986	1426218032980
1426218032987	1426218032980
1426218033565	1426218033560
1426218033565	1426218033560
1426218033566	1426218033560
1426218033566	1426218033560
1426218033567	1426218033560
1426218033568	1426218033560
1426218033985	1426218033980
1426218033985	1426218033979
1426218033986	1426218033980
1426218033986	1426218033980
1426218033987	1426218033980
1426218033987	1426218033980
1426218034566	1426218034563
1426218034569	1426218034564
1426218034569	1426218034564
1426218034569	1426218034564
1426218034569	1426218034564
1426218034570	1426218034564
1426218034985	1426218034981
1426218034987	1426218034980
1426218034988	1426218034980
1426218034990	1426218034980
1426218034991	1426218034981
1426218034993	1426218034981
1426218035570	1426218035565
1426218035570	1426218035566
1426218035570	1426218035565
1426218035571	1426218035566
1426218035571	1426218035565
1426218035573	1426218035566
1426218035985	1426218035981
1426218035986	1426218035981
1426218035987	1426218035981
1426218035987	1426218035981
1426218035989	1426218035981
1426218035991	1426218035981
1426218036362	1426218036356
1426218036363	1426218036357
1426218036570	1426218036564
1426218036570	1426218036565
1426218036570	1426218036565
1426218036571	1426218036565
1426218036571	1426218036565
1426218036572	1426218036565
1426218036986	1426218036980
1426218036986	1426218036980
1426218036987	1426218036980
1426218036987	1426218036980
1426218036988	1426218036980
1426218036989	1426218036980
1426218037570	1426218037565
1426218037570	1426218037565
1426218037572	1426218037565
1426218037573	1426218037565
1426218037574	1426218037565
1426218037575	1426218037565
1426218037985	1426218037980
1426218037986	1426218037981
1426218037986	1426218037980
1426218037992	1426218037980
1426218037992	1426218037981
1426218037993	1426218037980
1426218038569	1426218038564
1426218038571	1426218038564
1426218038573	1426218038564
1426218038575	1426218038564
1426218038576	1426218038564
1426218038579	1426218038564
1426218038986	1426218038981
1426218038986	1426218038981
1426218038987	1426218038982
1426218038988	1426218038982
1426218038988	1426218038981
1426218038990	1426218038982
1426218039570	1426218039564
1426218039570	1426218039564
1426218039571	1426218039564
1426218039571	1426218039564
1426218039573	1426218039564
1426218039573	1426218039564
1426218039986	1426218039981
1426218039986	1426218039981
1426218039987	1426218039981
1426218039988	1426218039980
1426218039989	1426218039981
1426218039990	1426218039981
1426218040569	1426218040564
1426218040569	1426218040564
1426218040570	1426218040564
1426218040571	1426218040564
1426218040571	1426218040564
1426218040571	1426218040564
1426218040985	1426218040981
1426218040987	1426218040981
1426218040987	1426218040980
1426218040988	1426218040981
1426218040989	1426218040981
1426218040990	1426218040981
1426218041361	1426218041358
1426218041362	1426218041358
1426218041569	1426218041564
1426218041569	1426218041564
1426218041570	1426218041564
1426218041571	1426218041564
1426218041571	1426218041564
1426218041572	1426218041564
1426218041985	1426218041980
1426218041985	1426218041980
1426218041985	1426218041980
1426218041987	1426218041980
1426218041987	1426218041980
1426218041988	1426218041980
1426218042578	1426218042568
1426218042578	1426218042568
1426218042578	1426218042568
1426218042579	1426218042568
1426218042579	1426218042568
1426218042581	1426218042568
1426218042985	1426218042980
1426218042985	1426218042980
1426218042985	1426218042980
1426218042986	1426218042980
1426218042986	1426218042980
1426218042987	1426218042980
1426218043573	1426218043569
1426218043574	1426218043569
1426218043574	1426218043569
1426218043575	1426218043569
1426218043575	1426218043569
1426218043576	1426218043569
1426218043985	1426218043981
1426218043986	1426218043979
1426218043986	1426218043980
1426218043987	1426218043981
1426218043988	1426218043980
1426218043990	1426218043981
1426218044574	1426218044570
1426218044580	1426218044570
1426218044580	1426218044570
1426218044580	1426218044570
1426218044581	1426218044570
1426218044581	1426218044570
1426218044986	1426218044982
1426218044986	1426218044982
1426218044987	1426218044982
1426218044987	1426218044982
1426218044988	1426218044982
1426218044989	1426218044982
1426218045574	1426218045570
1426218045577	1426218045569
1426218045579	1426218045569
1426218045580	1426218045569
1426218045581	1426218045570
1426218045581	1426218045570
1426218045985	1426218045982
1426218045986	1426218045981
1426218045987	1426218045981
1426218045987	1426218045981
1426218045988	1426218045982
1426218045989	1426218045981
1426218046361	1426218046356
1426218046362	1426218046357
1426218046573	1426218046571
1426218046573	1426218046571
1426218046574	1426218046571
1426218046576	1426218046571
1426218046576	1426218046571
1426218046577	1426218046571
1426218046989	1426218046985
1426218046990	1426218046985
1426218046990	1426218046985
1426218046992	1426218046985
1426218046998	1426218046985
1426218047000	1426218046985
1426218047577	1426218047572
1426218047577	1426218047572
1426218047578	1426218047572
1426218047579	1426218047572
1426218047579	1426218047571
1426218047581	1426218047572
1426218047989	1426218047985
1426218047990	1426218047985
1426218047991	1426218047986
1426218047991	1426218047985
1426218047991	1426218047986
1426218047993	1426218047986
1426218048577	1426218048574
1426218048577	1426218048574
1426218048577	1426218048574
1426218048579	1426218048574
1426218048579	1426218048574
1426218048581	1426218048574
1426218048989	1426218048984
1426218048989	1426218048985
1426218048990	1426218048985
1426218048991	1426218048985
1426218048993	1426218048985
1426218048994	1426218048985
1426218049578	1426218049573
1426218049578	1426218049573
1426218049578	1426218049573
1426218049579	1426218049573
1426218049580	1426218049573
1426218049581	1426218049573
1426218049997	1426218049984
1426218049997	1426218049984
1426218049998	1426218049984
1426218049998	1426218049985
1426218049999	1426218049985
1426218049999	1426218049985
1426218050576	1426218050572
1426218050577	1426218050572
1426218050577	1426218050572
1426218050577	1426218050572
1426218050578	1426218050572
1426218050578	1426218050572
1426218050991	1426218050985
1426218050991	1426218050985
1426218050993	1426218050985
1426218050993	1426218050985
1426218050995	1426218050985
1426218050995	1426218050985
1426218051361	1426218051357
1426218051363	1426218051358
1426218051577	1426218051571
1426218051577	1426218051571
1426218051577	1426218051571
1426218051578	1426218051572
1426218051580	1426218051572
1426218051581	1426218051572
1426218051990	1426218051985
1426218051990	1426218051984
1426218051991	1426218051985
1426218051991	1426218051985
1426218051992	1426218051985
1426218051992	1426218051985
1426218052578	1426218052576
1426218052578	1426218052576
1426218052580	1426218052576
1426218052582	1426218052576
1426218052587	1426218052576
1426218052588	1426218052576
1426218052989	1426218052984
1426218052989	1426218052983
1426218052990	1426218052984
1426218052991	1426218052984
1426218052991	1426218052984
1426218052992	1426218052984
1426218053581	1426218053579
1426218053582	1426218053579
1426218053582	1426218053578
1426218053585	1426218053579
1426218053585	1426218053579
1426218053586	1426218053579
1426218053989	1426218053983
1426218053989	1426218053984
1426218053989	1426218053984
1426218053990	1426218053984
1426218053990	1426218053984
1426218053991	1426218053984
1426218054585	1426218054580
1426218054585	1426218054580
1426218054585	1426218054581
1426218054586	1426218054581
1426218054587	1426218054581
1426218054587	1426218054580
1426218054990	1426218054985
1426218054991	1426218054985
1426218054991	1426218054985
1426218054992	1426218054985
1426218054992	1426218054985
1426218054994	1426218054985
1426218055583	1426218055581
1426218055583	1426218055580
1426218055589	1426218055581
1426218055591	1426218055581
1426218055592	1426218055581
1426218055592	1426218055581
1426218055990	1426218055984
1426218055990	1426218055984
1426218055991	1426218055984
1426218055991	1426218055984
1426218055993	1426218055984
1426218055994	1426218055984
1426218056361	1426218056356
1426218056362	1426218056358
1426218056585	1426218056581
1426218056585	1426218056581
1426218056585	1426218056579
1426218056587	1426218056581
1426218056587	1426218056581
1426218056587	1426218056581
1426218056989	1426218056985
1426218056990	1426218056985
1426218056991	1426218056985
1426218056991	1426218056985
1426218056991	1426218056985
1426218056992	1426218056985
1426218057585	1426218057582
1426218057585	1426218057582
1426218057585	1426218057584
1426218057586	1426218057582
1426218057588	1426218057583
1426218057590	1426218057584
1426218057990	1426218057986
1426218057990	1426218057986
1426218057990	1426218057986
1426218057991	1426218057986
1426218057996	1426218057986
1426218057997	1426218057986
1426218058589	1426218058583
1426218058589	1426218058583
1426218058589	1426218058583
1426218058590	1426218058583
1426218058591	1426218058583
1426218058593	1426218058583
1426218058990	1426218058986
1426218058990	1426218058986
1426218058990	1426218058986
1426218058991	1426218058986
1426218058992	1426218058986
1426218058993	1426218058986
1426218059590	1426218059583
1426218059590	1426218059583
1426218059590	1426218059583
1426218059590	1426218059584
1426218059591	1426218059584
1426218059592	1426218059584
1426218059990	1426218059985
1426218059990	1426218059986
1426218059990	1426218059986
1426218059991	1426218059986
1426218059992	1426218059986
1426218059993	1426218059986
1426218060589	1426218060585
1426218060589	1426218060584
1426218060589	1426218060585
1426218060590	1426218060585
1426218060590	1426218060585
1426218060590	1426218060585
1426218060994	1426218060988
1426218060995	1426218060988
1426218060996	1426218060988
1426218060996	1426218060988
1426218060997	1426218060988
1426218061003	1426218060988
1426218061365	1426218061357
1426218061366	1426218061358
1426218061589	1426218061584
1426218061589	1426218061584
1426218061590	1426218061584
1426218061591	1426218061584
1426218061591	1426218061584
1426218061594	1426218061584
1426218061989	1426218061988
1426218061989	1426218061987
1426218061990	1426218061988
1426218061991	1426218061988
1426218061991	1426218061988
1426218061994	1426218061988
1426218062589	1426218062584
1426218062589	1426218062584
1426218062589	1426218062584
1426218062590	1426218062584
1426218062594	1426218062584
1426218062595	1426218062584
1426218062993	1426218062988
1426218062995	1426218062988
1426218062997	1426218062988
1426218062997	1426218062988
1426218062998	1426218062988
1426218062999	1426218062988
1426218063589	1426218063585
1426218063589	1426218063585
1426218063591	1426218063585
1426218063591	1426218063585
1426218063591	1426218063585
1426218063593	1426218063585
1426218063994	1426218063988
1426218063994	1426218063988
1426218064000	1426218063988
1426218064001	1426218063988
1426218064001	1426218063988
1426218064003	1426218063988
1426218064586	1426218064584
1426218064588	1426218064584
1426218064589	1426218064584
1426218064589	1426218064584
1426218064590	1426218064584
1426218064591	1426218064584
1426218064998	1426218064992
1426218064998	1426218064992
1426218064999	1426218064992
1426218064999	1426218064992
1426218065000	1426218064992
1426218065000	1426218064992
1426218065590	1426218065585
1426218065590	1426218065585
1426218065592	1426218065585
1426218065592	1426218065584
1426218065593	1426218065585
1426218065593	1426218065585
1426218065997	1426218065993
1426218065998	1426218065993
1426218065999	1426218065993
1426218065999	1426218065993
1426218066000	1426218065993
1426218066001	1426218065993
1426218066362	1426218066356
1426218066363	1426218066357
1426218066591	1426218066586
1426218066592	1426218066586
1426218066593	1426218066586
1426218066593	1426218066586
1426218066593	1426218066586
1426218066594	1426218066586
1426218067001	1426218066992
1426218067001	1426218066992
1426218067002	1426218066992
1426218067003	1426218066992
1426218067003	1426218066992
1426218067004	1426218066992
1426218067590	1426218067586
1426218067590	1426218067586
1426218067592	1426218067586
1426218067592	1426218067585
1426218067593	1426218067586
1426218067593	1426218067586
1426218067999	1426218067992
1426218067999	1426218067992
1426218068001	1426218067992
1426218068001	1426218067992
1426218068003	1426218067992
1426218068003	1426218067992
1426218068591	1426218068586
1426218068591	1426218068586
1426218068592	1426218068586
1426218068592	1426218068586
1426218068593	1426218068586
1426218068593	1426218068586
1426218068998	1426218068992
1426218068998	1426218068992
1426218068999	1426218068992
1426218069000	1426218068992
1426218069000	1426218068992
1426218069002	1426218068992
1426218069590	1426218069585
1426218069590	1426218069585
1426218069590	1426218069585
1426218069591	1426218069585
1426218069591	1426218069585
1426218069593	1426218069585
1426218070001	1426218069992
1426218070002	1426218069992
1426218070002	1426218069992
1426218070002	1426218069992
1426218070003	1426218069992
1426218070003	1426218069992
1426218070593	1426218070588
1426218070594	1426218070588
1426218070594	1426218070588
1426218070595	1426218070588
1426218070595	1426218070588
1426218070596	1426218070588
1426218070997	1426218070992
1426218070999	1426218070993
1426218071000	1426218070993
1426218071000	1426218070993
1426218071001	1426218070993
1426218071002	1426218070993
1426218071361	1426218071359
1426218071366	1426218071360
1426218071594	1426218071588
1426218071594	1426218071588
1426218071594	1426218071588
1426218071595	1426218071588
1426218071595	1426218071588
1426218071597	1426218071588
1426218071997	1426218071995
1426218071998	1426218071995
1426218071998	1426218071995
1426218071999	1426218071995
1426218072000	1426218071995
1426218072002	1426218071995
1426218072598	1426218072589
1426218072598	1426218072589
1426218072598	1426218072589
1426218072599	1426218072590
1426218072599	1426218072590
1426218072599	1426218072590
1426218073002	1426218072998
1426218073002	1426218072998
1426218073003	1426218072998
1426218073004	1426218072998
1426218073004	1426218072998
1426218073006	1426218072998
1426218073593	1426218073589
1426218073593	1426218073589
1426218073594	1426218073589
1426218073594	1426218073589
1426218073595	1426218073589
1426218073596	1426218073589
1426218074002	1426218073997
1426218074002	1426218073997
1426218074002	1426218073997
1426218074003	1426218073997
1426218074003	1426218073997
1426218074004	1426218073997
1426218074593	1426218074590
1426218074593	1426218074590
1426218074594	1426218074590
1426218074595	1426218074590
1426218074596	1426218074590
1426218074598	1426218074590
1426218075001	1426218074998
1426218075002	1426218074998
1426218075002	1426218074998
1426218075003	1426218074998
1426218075004	1426218074998
1426218075005	1426218074998
1426218075598	1426218075589
1426218075598	1426218075589
1426218075599	1426218075589
1426218075599	1426218075589
1426218075600	1426218075589
1426218075602	1426218075589
1426218076002	1426218075997
1426218076003	1426218075997
1426218076003	1426218075997
1426218076004	1426218075997
1426218076004	1426218075997
1426218076005	1426218075997
1426218076362	1426218076357
1426218076363	1426218076358
1426218076593	1426218076590
1426218076594	1426218076590
1426218076594	1426218076590
1426218076595	1426218076590
1426218076595	1426218076590
1426218076596	1426218076590
1426218077005	1426218077000
1426218077005	1426218077000
1426218077005	1426218077000
1426218077006	1426218077000
1426218077007	1426218077000
1426218077007	1426218077000
1426218077598	1426218077593
1426218077598	1426218077593
1426218077598	1426218077593
1426218077599	1426218077592
1426218077600	1426218077593
1426218077600	1426218077593
1426218078005	1426218078001
1426218078005	1426218078001
1426218078006	1426218078001
1426218078007	1426218078001
1426218078007	1426218078001
1426218078014	1426218078001
1426218078601	1426218078596
1426218078601	1426218078596
1426218078602	1426218078596
1426218078602	1426218078596
1426218078603	1426218078596
1426218078603	1426218078596
1426218079005	1426218079000
1426218079005	1426218079000
1426218079006	1426218079000
1426218079006	1426218079000
1426218079007	1426218079000
1426218079007	1426218079000
1426218079601	1426218079597
1426218079601	1426218079597
1426218079602	1426218079597
1426218079602	1426218079597
1426218079603	1426218079597
1426218079606	1426218079597
1426218080006	1426218080001
1426218080006	1426218080001
1426218080006	1426218080002
1426218080007	1426218080002
1426218080008	1426218080001
1426218080009	1426218080002
1426218080602	1426218080597
1426218080602	1426218080597
1426218080603	1426218080597
1426218080604	1426218080598
1426218080604	1426218080598
1426218080604	1426218080598
1426218081005	1426218081001
1426218081006	1426218081001
1426218081006	1426218081001
1426218081007	1426218081001
1426218081007	1426218081001
1426218081013	1426218081001
1426218081362	1426218081357
1426218081364	1426218081358
1426218081601	1426218081597
1426218081601	1426218081596
1426218081602	1426218081597
1426218081602	1426218081597
1426218081603	1426218081597
1426218081603	1426218081597
1426218082005	1426218082000
1426218082005	1426218082000
1426218082006	1426218082000
1426218082006	1426218082000
1426218082006	1426218082000
1426218082007	1426218082000
1426218082606	1426218082601
1426218082606	1426218082601
1426218082608	1426218082601
1426218082609	1426218082601
1426218082610	1426218082601
1426218082611	1426218082601
1426218083005	1426218083001
1426218083005	1426218083001
1426218083006	1426218083001
1426218083006	1426218083001
1426218083007	1426218083001
1426218083008	1426218083001
1426218083605	1426218083600
1426218083605	1426218083600
1426218083606	1426218083600
1426218083607	1426218083600
1426218083607	1426218083600
1426218083608	1426218083600
1426218084006	1426218084003
1426218084006	1426218084003
1426218084011	1426218084003
1426218084012	1426218084003
1426218084013	1426218084003
1426218084014	1426218084003
1426218084606	1426218084601
1426218084606	1426218084601
1426218084608	1426218084601
1426218084609	1426218084601
1426218084610	1426218084601
1426218084611	1426218084601
1426218085006	1426218085002
1426218085006	1426218085002
1426218085007	1426218085002
1426218085008	1426218085002
1426218085008	1426218085002
1426218085009	1426218085002
1426218085605	1426218085600
1426218085605	1426218085600
1426218085605	1426218085600
1426218085606	1426218085601
1426218085606	1426218085601
1426218085607	1426218085601
1426218086007	1426218086001
1426218086009	1426218086001
1426218086010	1426218086001
1426218086010	1426218086001
1426218086011	1426218086001
1426218086011	1426218086001
1426218086362	1426218086357
1426218086363	1426218086358
1426218086607	1426218086601
1426218086607	1426218086601
1426218086607	1426218086601
1426218086608	1426218086601
1426218086609	1426218086601
1426218086610	1426218086601
1426218087009	1426218087000
1426218087009	1426218087000
1426218087009	1426218087000
1426218087009	1426218087000
1426218087010	1426218087000
1426218087011	1426218087000
1426218087605	1426218087601
1426218087605	1426218087600
1426218087606	1426218087600
1426218087606	1426218087601
1426218087607	1426218087600
1426218087607	1426218087601
1426218088005	1426218088002
1426218088007	1426218088002
1426218088007	1426218088002
1426218088007	1426218088002
1426218088008	1426218088002
1426218088008	1426218088002
1426218088604	1426218088600
1426218088605	1426218088600
1426218088605	1426218088600
1426218088605	1426218088600
1426218088605	1426218088600
1426218088606	1426218088600
1426218089005	1426218089001
1426218089005	1426218089001
1426218089005	1426218089001
1426218089007	1426218089001
1426218089007	1426218089001
1426218089007	1426218089001
1426218089606	1426218089600
1426218089606	1426218089600
1426218089606	1426218089600
1426218089608	1426218089600
1426218089608	1426218089600
1426218089610	1426218089600
1426218090008	1426218090001
1426218090009	1426218090001
1426218090009	1426218090001
1426218090010	1426218090001
1426218090010	1426218090001
1426218090011	1426218090001
1426218090606	1426218090601
1426218090606	1426218090601
1426218090608	1426218090601
1426218090608	1426218090600
1426218090608	1426218090601
1426218090609	1426218090601
1426218091006	1426218091001
1426218091006	1426218091001
1426218091007	1426218091002
1426218091009	1426218091001
1426218091009	1426218091002
1426218091010	1426218091001
1426218091362	1426218091357
1426218091363	1426218091358
1426218091606	1426218091600
1426218091606	1426218091600
1426218091606	1426218091600
1426218091607	1426218091600
1426218091607	1426218091600
1426218091608	1426218091600
1426218092005	1426218092003
1426218092005	1426218092003
1426218092006	1426218092003
1426218092009	1426218092003
1426218092009	1426218092003
1426218092009	1426218092003
1426218092606	1426218092600
1426218092606	1426218092600
1426218092606	1426218092601
1426218092606	1426218092600
1426218092614	1426218092601
1426218092614	1426218092601
1426218093010	1426218093004
1426218093010	1426218093004
1426218093010	1426218093004
1426218093011	1426218093004
1426218093011	1426218093004
1426218093011	1426218093004
1426218093606	1426218093600
1426218093606	1426218093600
1426218093606	1426218093600
1426218093607	1426218093600
1426218093607	1426218093600
1426218093608	1426218093600
1426218094009	1426218094006
1426218094010	1426218094006
1426218094010	1426218094006
1426218094011	1426218094006
1426218094011	1426218094006
1426218094013	1426218094006
1426218094609	1426218094604
1426218094610	1426218094604
1426218094610	1426218094604
1426218094611	1426218094604
1426218094611	1426218094604
1426218094611	1426218094604
1426218095010	1426218095006
1426218095011	1426218095006
1426218095011	1426218095006
1426218095011	1426218095006
1426218095012	1426218095006
1426218095013	1426218095006
1426218095609	1426218095605
1426218095609	1426218095605
1426218095610	1426218095605
1426218095611	1426218095605
1426218095612	1426218095605
1426218095613	1426218095605
1426218096009	1426218096005
1426218096011	1426218096005
1426218096011	1426218096005
1426218096012	1426218096005
1426218096012	1426218096005
1426218096013	1426218096005
1426218096361	1426218096357
1426218096363	1426218096359
1426218096613	1426218096608
1426218096614	1426218096608
1426218096615	1426218096608
1426218096616	1426218096609
1426218096616	1426218096609
1426218096618	1426218096609
1426218097010	1426218097007
1426218097010	1426218097006
1426218097010	1426218097006
1426218097011	1426218097006
1426218097011	1426218097007
1426218097012	1426218097007
1426218097613	1426218097609
1426218097613	1426218097609
1426218097613	1426218097609
1426218097614	1426218097609
1426218097615	1426218097609
1426218097615	1426218097609
1426218098009	1426218098006
1426218098010	1426218098006
1426218098010	1426218098006
1426218098011	1426218098006
1426218098011	1426218098005
1426218098012	1426218098006
1426218098613	1426218098608
1426218098614	1426218098608
1426218098614	1426218098608
1426218098619	1426218098608
1426218098620	1426218098608
1426218098621	1426218098608
1426218099009	1426218099006
1426218099010	1426218099004
1426218099011	1426218099006
1426218099012	1426218099006
1426218099012	1426218099006
1426218099012	1426218099006
1426218099611	1426218099608
1426218099613	1426218099608
1426218099614	1426218099609
1426218099614	1426218099609
1426218099614	1426218099608
1426218099617	1426218099609
1426218100009	1426218100006
1426218100010	1426218100006
1426218100010	1426218100006
1426218100011	1426218100006
1426218100011	1426218100006
1426218100012	1426218100006
1426218100613	1426218100608
1426218100613	1426218100608
1426218100613	1426218100608
1426218100614	1426218100609
1426218100614	1426218100609
1426218100615	1426218100609
1426218101010	1426218101005
1426218101010	1426218101005
1426218101010	1426218101005
1426218101011	1426218101005
1426218101012	1426218101005
1426218101012	1426218101005
1426218101362	1426218101358
1426218101363	1426218101359
1426218101617	1426218101608
1426218101617	1426218101608
1426218101618	1426218101608
1426218101619	1426218101608
1426218101621	1426218101608
1426218101622	1426218101608
1426218102009	1426218102008
1426218102013	1426218102007
1426218102013	1426218102008
1426218102014	1426218102008
1426218102014	1426218102008
1426218102015	1426218102008
1426218102614	1426218102608
1426218102615	1426218102608
1426218102615	1426218102608
1426218102615	1426218102608
1426218102616	1426218102608
1426218102616	1426218102608
1426218103014	1426218103010
1426218103016	1426218103009
1426218103016	1426218103010
1426218103018	1426218103010
1426218103018	1426218103010
1426218103018	1426218103010
1426218103614	1426218103609
1426218103615	1426218103609
1426218103617	1426218103609
1426218103617	1426218103609
1426218103618	1426218103609
1426218103620	1426218103609
1426218104013	1426218104009
1426218104013	1426218104009
1426218104014	1426218104008
1426218104021	1426218104009
1426218104023	1426218104009
1426218104024	1426218104009
1426218104613	1426218104608
1426218104613	1426218104608
1426218104613	1426218104608
1426218104614	1426218104608
1426218104615	1426218104608
1426218104617	1426218104608
1426218105017	1426218105012
1426218105017	1426218105012
1426218105018	1426218105012
1426218105019	1426218105012
1426218105021	1426218105012
1426218105022	1426218105012
1426218105613	1426218105608
1426218105613	1426218105608
1426218105614	1426218105608
1426218105614	1426218105608
1426218105615	1426218105608
1426218105615	1426218105608
1426218106018	1426218106012
1426218106018	1426218106012
1426218106019	1426218106012
1426218106020	1426218106013
1426218106020	1426218106013
1426218106020	1426218106013
1426218106363	1426218106356
1426218106364	1426218106358
1426218106611	1426218106607
1426218106613	1426218106607
1426218106614	1426218106607
1426218106616	1426218106607
1426218106619	1426218106607
1426218106624	1426218106607
1426218107025	1426218107016
1426218107026	1426218107016
1426218107026	1426218107017
1426218107026	1426218107016
1426218107027	1426218107017
1426218107028	1426218107017
1426218107613	1426218107607
1426218107614	1426218107607
1426218107614	1426218107608
1426218107615	1426218107608
1426218107616	1426218107607
1426218107617	1426218107608
1426218108021	1426218108019
1426218108021	1426218108019
1426218108022	1426218108018
1426218108024	1426218108019
1426218108024	1426218108019
1426218108024	1426218108019
1426218108613	1426218108609
1426218108613	1426218108609
1426218108613	1426218108609
1426218108614	1426218108609
1426218108614	1426218108609
1426218108614	1426218108609
1426218109026	1426218109020
1426218109026	1426218109020
1426218109026	1426218109021
1426218109026	1426218109020
1426218109027	1426218109021
1426218109027	1426218109021
1426218109613	1426218109608
1426218109613	1426218109608
1426218109614	1426218109608
1426218109615	1426218109608
1426218109616	1426218109608
1426218109617	1426218109608
1426218110029	1426218110020
1426218110029	1426218110020
1426218110029	1426218110020
1426218110030	1426218110020
1426218110030	1426218110020
1426218110031	1426218110020
1426218110613	1426218110608
1426218110613	1426218110608
1426218110614	1426218110608
1426218110614	1426218110608
1426218110614	1426218110608
1426218110615	1426218110608
1426218111025	1426218111020
1426218111025	1426218111020
1426218111026	1426218111020
1426218111026	1426218111020
1426218111027	1426218111020
1426218111028	1426218111020
1426218111361	1426218111356
1426218111362	1426218111357
1426218111613	1426218111608
1426218111614	1426218111607
1426218111614	1426218111608
1426218111614	1426218111608
1426218111615	1426218111608
1426218111616	1426218111608
1426218112025	1426218112021
1426218112025	1426218112021
1426218112025	1426218112021
1426218112027	1426218112021
1426218112027	1426218112021
1426218112028	1426218112021
1426218112613	1426218112608
1426218112614	1426218112608
1426218112615	1426218112608
1426218112617	1426218112608
1426218112617	1426218112608
1426218112618	1426218112608
1426218113025	1426218113020
1426218113025	1426218113020
1426218113025	1426218113020
1426218113027	1426218113020
1426218113027	1426218113020
1426218113029	1426218113020
1426218113614	1426218113608
1426218113614	1426218113608
1426218113614	1426218113608
1426218113615	1426218113608
1426218113615	1426218113607
1426218113617	1426218113608
1426218114026	1426218114022
1426218114026	1426218114022
1426218114028	1426218114022
1426218114028	1426218114022
1426218114029	1426218114022
1426218114029	1426218114022
1426218114613	1426218114609
1426218114613	1426218114609
1426218114613	1426218114609
1426218114614	1426218114609
1426218114614	1426218114609
1426218114615	1426218114609
1426218115026	1426218115022
1426218115026	1426218115021
1426218115026	1426218115021
1426218115028	1426218115022
1426218115028	1426218115021
1426218115029	1426218115022
1426218115613	1426218115608
1426218115613	1426218115608
1426218115614	1426218115608
1426218115614	1426218115608
1426218115615	1426218115608
1426218115615	1426218115608
1426218116025	1426218116023
1426218116026	1426218116023
1426218116027	1426218116023
1426218116027	1426218116023
1426218116028	1426218116023
1426218116030	1426218116023
1426218116361	1426218116358
1426218116363	1426218116359
1426218116614	1426218116608
1426218116616	1426218116608
1426218116616	1426218116607
1426218116617	1426218116608
1426218116618	1426218116608
1426218116618	1426218116608
1426218117029	1426218117025
1426218117029	1426218117025
1426218117029	1426218117024
1426218117030	1426218117025
1426218117030	1426218117025
1426218117031	1426218117025
1426218117613	1426218117609
1426218117614	1426218117609
1426218117614	1426218117609
1426218117615	1426218117609
1426218117615	1426218117609
1426218117617	1426218117609
1426218118030	1426218118025
1426218118031	1426218118025
1426218118032	1426218118025
1426218118033	1426218118025
1426218118033	1426218118024
1426218118035	1426218118025
1426218118616	1426218118612
1426218118617	1426218118611
1426218118621	1426218118612
1426218118621	1426218118612
1426218118622	1426218118612
1426218118624	1426218118612
1426218119029	1426218119025
1426218119029	1426218119026
1426218119030	1426218119025
1426218119032	1426218119025
1426218119033	1426218119026
1426218119033	1426218119026
1426218119618	1426218119612
1426218119619	1426218119612
1426218119620	1426218119612
1426218119621	1426218119612
1426218119622	1426218119612
1426218119623	1426218119612
1426218120030	1426218120028
1426218120033	1426218120028
1426218120034	1426218120028
1426218120034	1426218120028
1426218120034	1426218120028
1426218120035	1426218120028
1426218120617	1426218120613
1426218120618	1426218120613
1426218120618	1426218120614
1426218120619	1426218120613
1426218120619	1426218120614
1426218120620	1426218120614
1426218121033	1426218121028
1426218121034	1426218121028
1426218121034	1426218121028
1426218121035	1426218121028
1426218121035	1426218121028
1426218121038	1426218121028
1426218121362	1426218121356
1426218121364	1426218121357
1426218121626	1426218121616
1426218121626	1426218121616
1426218121626	1426218121616
1426218121627	1426218121616
1426218121628	1426218121616
1426218121628	1426218121616
1426218122038	1426218122032
1426218122038	1426218122031
1426218122040	1426218122032
1426218122041	1426218122032
1426218122042	1426218122032
1426218122042	1426218122032
1426218122622	1426218122616
1426218122622	1426218122616
1426218122622	1426218122616
1426218122623	1426218122616
1426218122623	1426218122616
1426218122625	1426218122616
1426218123038	1426218123034
1426218123038	1426218123034
1426218123040	1426218123034
1426218123041	1426218123034
1426218123041	1426218123034
1426218123042	1426218123034
1426218123621	1426218123616
1426218123622	1426218123616
1426218123622	1426218123616
1426218123623	1426218123616
1426218123624	1426218123616
1426218123625	1426218123616
1426218124041	1426218124036
1426218124041	1426218124036
1426218124042	1426218124036
1426218124042	1426218124036
1426218124043	1426218124036
1426218124043	1426218124036
1426218124630	1426218124616
1426218124631	1426218124616
1426218124632	1426218124616
1426218124632	1426218124616
1426218124632	1426218124616
1426218124633	1426218124616
1426218125041	1426218125036
1426218125041	1426218125036
1426218125042	1426218125036
1426218125042	1426218125035
1426218125043	1426218125036
1426218125044	1426218125036
1426218125621	1426218125617
1426218125621	1426218125617
1426218125622	1426218125617
1426218125622	1426218125616
1426218125623	1426218125617
1426218125625	1426218125617
1426218126042	1426218126036
1426218126042	1426218126036
1426218126043	1426218126036
1426218126044	1426218126036
1426218126044	1426218126036
1426218126045	1426218126036
1426218126363	1426218126356
1426218126365	1426218126358
1426218126621	1426218126616
1426218126621	1426218126616
1426218126622	1426218126616
1426218126622	1426218126616
1426218126623	1426218126616
1426218126624	1426218126616
1426218127041	1426218127036
1426218127041	1426218127036
1426218127041	1426218127036
1426218127042	1426218127036
1426218127042	1426218127036
1426218127048	1426218127036
1426218127622	1426218127616
1426218127622	1426218127616
1426218127623	1426218127616
1426218127624	1426218127616
1426218127625	1426218127616
1426218127626	1426218127616
1426218128045	1426218128041
1426218128045	1426218128041
1426218128045	1426218128041
1426218128047	1426218128041
1426218128047	1426218128040
1426218128049	1426218128041
1426218128621	1426218128616
1426218128621	1426218128616
1426218128622	1426218128616
1426218128622	1426218128616
1426218128623	1426218128616
1426218128624	1426218128616
1426218129046	1426218129043
1426218129046	1426218129043
1426218129046	1426218129043
1426218129047	1426218129043
1426218129048	1426218129043
1426218129049	1426218129043
1426218129622	1426218129616
1426218129622	1426218129616
1426218129622	1426218129616
1426218129623	1426218129616
1426218129623	1426218129616
1426218129623	1426218129616
1426218130049	1426218130044
1426218130050	1426218130044
1426218130050	1426218130044
1426218130051	1426218130045
1426218130052	1426218130045
1426218130053	1426218130045
1426218130618	1426218130616
1426218130618	1426218130616
1426218130620	1426218130616
1426218130621	1426218130616
1426218130621	1426218130616
1426218130622	1426218130616
1426218131361	1426218131357
1426218131366	1426218131359
1426218131623	1426218131616
1426218131623	1426218131616
1426218131623	1426218131616
1426218131624	1426218131616
1426218131625	1426218131616
1426218131627	1426218131616
1426218136362	1426218136357
1426218136364	1426218136358
1426218141361	1426218141357
1426218141362	1426218141359
