700296932597	1426215893524219000
700298462679	1426215893524219000
701589307186	1426215894817440000
701590478564	1426215894817440000
702031741071	1426215895242095000
702055737975	1426215895243171000
707007455581	1426215900241619000
707009644128	1426215900243782000
708127808866	1426215901362027000
708127847419	1426215901362027000
712006498476	1426215905241956000
712007705333	1426215905242489000
713599747618	1426215906833406000
713599920824	1426215906833406000
717008832850	1426215910243305000
717011125600	1426215910244166000
719019741778	1426215912254244000
719019873080	1426215912254244000
722007655885	1426215915244457000
722012919403	1426215915245693000
725807192138	1426215919043050000
725807746119	1426215919043050000
727008156227	1426215920242605000
727012807097	1426215920245835000
732008699033	1426215925242446000
732010881992	1426215925243579000
732017068532	1426215925250369000
732019517167	1426215925251143000
732022747466	1426215925255717000
732022782387	1426215925255717000
732026528114	1426215925255808000
732066295180	1426215925255436000
732070932920	1426215925256281000
732229524026	1426215925258281000
732234075442	1426215925258417000
732739566224	1426215925973806000
732739690262	1426215925973806000
737006320797	1426215930244108000
737011471731	1426215930245320000
741079187041	1426215934314917000
741079409136	1426215934314917000
741094508541	1426215934330970000
741095048274	1426215934330970000
742006383653	1426215935242862000
742008039451	1426215935244300000
743814138270	1426215937049318000
743815735680	1426215937049318000
744534087593	1426215937772690000
744534365003	1426215937772690000
747006393989	1426215940242601000
747008732834	1426215940243565000
747606682574	1426215940843890000
747606727272	1426215940843890000
748162670555	1426215941398888000
748162838174	1426215941399407000
748165030073	1426215941400185000
748165063597	1426215941399407000
748166568537	1426215941399562000
748170567090	1426215941404474000
748170673807	1426215941405532000
748170896740	1426215941405532000
748171099280	1426215941405140000
748172767928	1426215941405232000
748172824639	1426215941405140000
749902773557	1426215943138763000
749903153214	1426215943138800000
749904312021	1426215943138763000
749904536351	1426215943138791000
749905176935	1426215943138143000
749907215183	1426215943138800000
751903258814	1426215945138632000
751903531754	1426215945138632000
752362782301	1426215945597416000
752362847952	1426215945597416000
753005950078	1426215946242154000
753007320922	1426215946242941000
757259072751	1426215950494248000
757261284763	1426215950494248000
757262760649	1426215950494289000
757266706961	1426215950493697000
757268039533	1426215950494557000
757270430898	1426215950494557000
758006047855	1426215951241949000
758007407245	1426215951243023000
758258352826	1426215951496035000
758258767963	1426215951495898000
758258864623	1426215951496086000
758259629804	1426215951496075000
758259827316	1426215951496035000
758260119811	1426215951496086000
758569559139	1426215951807042000
758570402542	1426215951807042000
759265850148	1426215952494992000
759266871227	1426215952495049000
759266943862	1426215952495017000
759267056447	1426215952495049000
759267792294	1426215952495017000
759268564739	1426215952495039000
760258488877	1426215953494149000
760258527988	1426215953494316000
760258566541	1426215953494013000
760259141474	1426215953494149000
760259685118	1426215953494287000
760259757753	1426215953494316000
761256544216	1426215954493157000
761256841182	1426215954493157000
761258052509	1426215954493026000
761258186883	1426215954493403000
761258248902	1426215954493289000
761259267188	1426215954493403000
762258726058	1426215955494919000
762258990617	1426215955494919000
762259213550	1426215955494770000
762261063506	1426215955494985000
762261625309	1426215955494993000
762262149677	1426215955494993000
763006183346	1426215956243259000
763008195334	1426215956244294000
763258807632	1426215956494419000
763258848140	1426215956494245000
763258959886	1426215956494105000
763259215785	1426215956494245000
763260577410	1426215956494419000
763260712623	1426215956494382000
764257997194	1426215957493858000
764258128216	1426215957493992000
764258189397	1426215957493992000
764258402273	1426215957494088000
764259254058	1426215957494088000
764259382007	1426215957494080000
765258864623	1426215958493715000
765259435366	1426215958493487000
765259520013	1426215958493625000
765259699366	1426215958493625000
765260645296	1426215958493715000
765260915721	1426215958493706000
766258335505	1426215959494344000
766258693930	1426215959494135000
766259218299	1426215959493926000
766259932915	1426215959494330000
766261445118	1426215959494344000
766262209740	1426215959494135000
767257673409	1426215960493887000
767258067314	1426215960493887000
767258180737	1426215960494046000
767258443060	1426215960493738000
767259098730	1426215960494036000
767259788203	1426215960494046000
767349874234	1426215960586966000
767350028723	1426215960586966000
767563382934	1426215960799583000
767563532674	1426215960799583000
768006318558	1426215961243540000
768007727117	1426215961244406000
768258548940	1426215961493314000
768258727454	1426215961493636000
768258976089	1426215961493720000
768270523646	1426215961493636000
768271217589	1426215961493720000
768272162122	1426215961493704000
769258619619	1426215962493392000
769259177232	1426215962493392000
769259242324	1426215962493442000
769260432978	1426215962493364000
769260653676	1426215962493422000
769261675035	1426215962493442000
770255077549	1426215963493919000
770255200190	1426215963493867000
770256739212	1426215963493919000
770263795137	1426215963493889000
770263830337	1426215963493889000
770265481664	1426215963493912000
771258192749	1426215964494502000
771258261473	1426215964494291000
771258318742	1426215964494329000
771258421549	1426215964494329000
771259335352	1426215964494502000
771259457993	1426215964494478000
772257731517	1426215965493879000
772257773422	1426215965493825000
772257831530	1426215965493846000
772258369028	1426215965493846000
772259542641	1426215965493879000
772259651314	1426215965493872000
773005871853	1426215966243676000
773007230126	1426215966244408000
773258218450	1426215966493857000
773258517371	1426215966493857000
773259036431	1426215966493908000
773259784571	1426215966493834000
773259833739	1426215966493899000
773260810400	1426215966493908000
774258042729	1426215967493872000
774258144977	1426215967494133000
774258465688	1426215967494751000
774259339822	1426215967494751000
774259445422	1426215967494740000
774261133904	1426215967494133000
775258307567	1426215968496390000
775258421828	1426215968496390000
775258965472	1426215968496213000
775259696571	1426215968496549000
775259857485	1426215968496536000
775260221218	1426215968496549000
775289850962	1426215968527444000
775290597146	1426215968527444000
776258992850	1426215969495371000
776259583148	1426215969495371000
776261177206	1426215969495281000
776261264088	1426215969495399000
776262511454	1426215969495407000
776262613701	1426215969497754000
776262831047	1426215969495407000
776265408749	1426215969498381000
776266252152	1426215969502194000
776266285117	1426215969502194000
776270014083	1426215969501928000
777258428812	1426215970494300000
777258492228	1426215970494440000
777258593916	1426215970494440000
777259129459	1426215970494539000
777259713053	1426215970494539000
777260198869	1426215970494530000
778257943275	1426215971493461000
778258060888	1426215971493494000
778258575199	1426215971493437000
778259942691	1426215971493461000
778261024113	1426215971493494000
778261842094	1426215971493486000
779259277802	1426215972494456000
779259433408	1426215972494229000
779259590970	1426215972494229000
779259670031	1426215972494205000
779261720571	1426215972494352000
779262092406	1426215972494456000
780258218170	1426215973493333000
780258294716	1426215973493216000
780258379643	1426215973493333000
780258421548	1426215973493510000
780259686792	1426215973493475000
780259779821	1426215973493510000
781009665910	1426215974242339000
781011048208	1426215974243433000
781259166614	1426215974493801000
781259214107	1426215974493855000
781260997573	1426215974493705000
781261079707	1426215974493845000
781261183072	1426215974493801000
781261949091	1426215974493855000
782258560951	1426215975493867000
782258637497	1426215975493832000
782259941294	1426215975493910000
782259972303	1426215975493910000
782260235465	1426215975493867000
782261793484	1426215975493903000
783258672697	1426215976493924000
783258840595	1426215976493924000
783259029167	1426215976494023000
783259559402	1426215976493841000
783259814741	1426215976494014000
783260886945	1426215976494023000
784258061725	1426215977493810000
784258107262	1426215977493903000
784258271528	1426215977493965000
784258731363	1426215977493903000
784259235338	1426215977493965000
784259930119	1426215977493941000
785258229344	1426215978494269000
785258411211	1426215978493835000
785258743376	1426215978493835000
785260360341	1426215978493696000
785260537459	1426215978494257000
785261430589	1426215978494269000
785953783947	1426215979191896000
785953952683	1426215979191896000
786006308220	1426215979242628000
786008173820	1426215979243537000
786262764557	1426215979493566000
786262819871	1426215979493531000
786262911224	1426215979493506000
786263479732	1426215979493531000
786264196024	1426215979493558000
786264280672	1426215979493566000
787258990334	1426215980493626000
787259028887	1426215980493720000
787259124709	1426215980493878000
787260789725	1426215980493878000
787260820176	1426215980493869000
787260855097	1426215980493720000
788258131007	1426215981493138000
788258234931	1426215981493099000
788258443058	1426215981492982000
788258810982	1426215981493099000
788259754118	1426215981493138000
788260157522	1426215981493131000
789258203642	1426215982494536000
789258297229	1426215982494536000
789258536366	1426215982494639000
789258751477	1426215982494393000
789259703833	1426215982494627000
789260467058	1426215982494639000
790082017283	1426215983318539000
790082113105	1426215983318539000
790090175303	1426215983326603000
790090213297	1426215983326603000
790258002499	1426215983494635000
790258755109	1426215983494887000
790258941445	1426215983494472000
790259363007	1426215983494770000
790260252226	1426215983494887000
790261440925	1426215983494635000
791007989159	1426215984244142000
791010494506	1426215984245056000
791258320137	1426215984494266000
791258358689	1426215984494266000
791264463935	1426215984494428000
791264500252	1426215984494129000
791264744976	1426215984494414000
791265969992	1426215984494428000
792258504238	1426215985493829000
792258543350	1426215985493513000
792259808035	1426215985493829000
792262559502	1426215985493659000
792263091134	1426215985493659000
792264492150	1426215985493753000
792818247446	1426215986053472000
792818437414	1426215986053472000
793258059489	1426215986494249000
793258388581	1426215986494107000
793258434956	1426215986494249000
793258845064	1426215986494403000
793259588734	1426215986494388000
793259631756	1426215986494403000
793558215235	1426215986794787000
793558347375	1426215986794787000
794257975400	1426215987493848000
794258015908	1426215987493234000
794258102791	1426215987493234000
794259436480	1426215987493570000
794259514702	1426215987493143000
794260836378	1426215987493848000
795258366232	1426215988493589000
795258577711	1426215988493589000
795259113533	1426215988494026000
795261528645	1426215988493897000
795263239197	1426215988493451000
795264649433	1426215988494026000
796007186263	1426215989241539000
796008700143	1426215989242925000
796258460378	1426215989494906000
796258779413	1426215989495872000
796259847426	1426215989495911000
796260435489	1426215989495872000
796260553381	1426215989495911000
796261107362	1426215989495903000
797261939870	1426215990498528000
797261987083	1426215990499067000
797262075083	1426215990498382000
797263088061	1426215990498528000
797263205673	1426215990498906000
797263317419	1426215990499067000
798262457534	1426215991499689000
798262621242	1426215991499757000
798263307921	1426215991499757000
798264001305	1426215991499970000
798264512264	1426215991499970000
798264804201	1426215991499896000
799262437140	1426215992499239000
799262532124	1426215992498691000
799263259870	1426215992498832000
799263831172	1426215992499239000
799264159984	1426215992498832000
799265166816	1426215992499164000
800103542923	1426215993337202000
800103612485	1426215993337202000
800262396073	1426215993500861000
800262979667	1426215993500861000
800263268251	1426215993500458000
800263754346	1426215993500896000
800265585864	1426215993501605000
800266032289	1426215993501605000
800390919670	1426215993626412000
800390957943	1426215993626412000
801007639672	1426215994242646000
801010300625	1426215994244152000
801266503019	1426215994502296000
801266599121	1426215994502296000
801267100861	1426215994502122000
801268033661	1426215994502495000
801268514448	1426215994502508000
801268823985	1426215994502508000
802266027819	1426215995501605000
802266257457	1426215995501657000
802266592137	1426215995501742000
802266817305	1426215995501657000
802267134943	1426215995501742000
802267502308	1426215995501709000
803266696060	1426215996501630000
803266863959	1426215996501774000
803268010753	1426215996501774000
803268369737	1426215996501719000
803268707210	1426215996501719000
803269675489	1426215996501762000
804266430943	1426215997503549000
804266561127	1426215997503326000
804266730143	1426215997503690000
804267665457	1426215997503681000
804267780835	1426215997503690000
804267850676	1426215997503549000
805266398536	1426215998502479000
805266437089	1426215998502479000
805266490727	1426215998502350000
805267636124	1426215998502509000
805267747311	1426215998502517000
805268100149	1426215998502517000
806005773513	1426215999242187000
806007068091	1426215999243300000
806265990943	1426215999502612000
806266095146	1426215999502612000
806266131184	1426215999502757000
806267463476	1426215999502744000
806267750943	1426215999502473000
806269022054	1426215999502757000
807266887705	1426216000503698000
807267393635	1426216000503675000
807268577584	1426216000503698000
807274007045	1426216000503895000
807274501521	1426216000503895000
807274677242	1426216000503743000
808266502460	1426216001503189000
808266958942	1426216001503189000
808266989673	1426216001503049000
808267641990	1426216001503287000
808268233406	1426216001503278000
808268298219	1426216001503287000
808750508947	1426216001985399000
808750683550	1426216001985399000
809270692098	1426216002505487000
809270759705	1426216002505530000
809270916708	1426216002505487000
809272142841	1426216002505366000
809272398461	1426216002505523000
809273508099	1426216002505530000
810269560670	1426216003505511000
810269753990	1426216003505612000
810270444022	1426216003505511000
810270987108	1426216003505186000
810271934156	1426216003505603000
810272622511	1426216003505612000
811006644573	1426216004242814000
811010635024	1426216004243652000
811266826244	1426216004505859000
811267243895	1426216004505859000
811269011717	1426216004505883000
811272760797	1426216004505891000
811272925902	1426216004505830000
811273836073	1426216004505891000
811762234459	1426216004998985000
811762514103	1426216004998985000
812269857914	1426216005506660000
812270014358	1426216005506660000
812270379209	1426216005506696000
812270841838	1426216005506634000
812271038231	1426216005506689000
812272577813	1426216005506696000
813270706625	1426216006505904000
813270835692	1426216006505638000
813270951349	1426216006505677000
813271275133	1426216006505677000
813271856492	1426216006505904000
813272783705	1426216006505834000
814273698066	1426216007509139000
814274129965	1426216007509006000
814274321609	1426216007509283000
814275040416	1426216007509139000
814275422308	1426216007509283000
814276347845	1426216007509273000
816007441321	1426216009242317000
816011021385	1426216009243691000
816346623815	1426216009582619000
816347037555	1426216009582619000
821007248000	1426216014241560000
821010559594	1426216014244396000
823241588677	1426216016478014000
823243222404	1426216016478014000
826005966272	1426216019243924000
826008166831	1426216019245202000
829246763915	1426216022482050000
829246826214	1426216022482050000
831005828265	1426216024242715000
831007078983	1426216024244095000
836007141840	1426216029243959000
836010767161	1426216029245597000
839102201966	1426216032338132000
839102679959	1426216032338101000
839102760417	1426216032338132000
839104736925	1426216032338101000
841009082309	1426216034242875000
841010290843	1426216034243456000
842499342384	1426216035733786000
842499455527	1426216035733786000
842734540712	1426216035970430000
842734576192	1426216035970430000
846006813026	1426216039241731000
846008754893	1426216039243529000
849098170447	1426216042334292000
849098381088	1426216042334292000
849865879750	1426216043103432000
849865913833	1426216043103432000
851013755807	1426216044241567000
851015216049	1426216044243498000
856006661888	1426216049241775000
856008412111	1426216049242918000
861006265748	1426216054243016000
861007465342	1426216054244541000
864006156236	1426216057244104000
864007094065	1426216057244104000
866006359055	1426216059243257000
866007319233	1426216059244142000
867122390841	1426216060359241000
867122453978	1426216060359241000
871006124388	1426216064242827000
871007721518	1426216064243877000
873438325128	1426216066674183000
873439510754	1426216066674183000
876007814267	1426216069242967000
876009316134	1426216069243978000
877186168778	1426216070421642000
877187577617	1426216070421642000
881006252895	1426216074242682000
881007414774	1426216074244584000
886006041415	1426216079243474000
886007087637	1426216079244191000
891007458913	1426216084241944000
891008728627	1426216084243266000
896008541452	1426216089242609000
896009658354	1426216089244108000
901006205400	1426216094242028000
901007455839	1426216094244332000
906007249946	1426216099243387000
906008775838	1426216099244686000
911006121310	1426216104243909000
911010021806	1426216104244998000
916006903811	1426216109242149000
916008333323	1426216109243922000
921006819443	1426216114244124000
921011346275	1426216114245004000
926006218528	1426216119242788000
926007564509	1426216119244107000
931005814565	1426216124243544000
931011256877	1426216124245036000
936007067796	1426216129242224000
936008810755	1426216129243764000
941008318234	1426216134242566000
941009608342	1426216134243943000
946007307770	1426216139242148000
946009322272	1426216139242775000
951006482245	1426216144243064000
951007801408	1426216144244420000
956006975604	1426216149242946000
956009006588	1426216149244096000
961007134003	1426216154243422000
961008479984	1426216154244206000
966006334739	1426216159242932000
966007560314	1426216159243745000
971006176897	1426216164242002000
971008231069	1426216164243911000
976006431957	1426216169243274000
976007493265	1426216169244275000
981010666573	1426216174241976000
981012036579	1426216174243392000
986011948579	1426216179243014000
986013345125	1426216179244493000
991006504311	1426216184241924000
991008977530	1426216184244131000
996007218088	1426216189242941000
996008774710	1426216189243756000
1001006561300	1426216194242483000
1001007785199	1426216194243385000
1006005875179	1426216199242570000
1006006757693	1426216199243736000
1011007165286	1426216204242265000
1011008380804	1426216204243945000
1016005973235	1426216209243767000
1016007117514	1426216209245108000
1021006831165	1426216214242414000
1021008030479	1426216214243196000
1026007575672	1426216219242881000
1026009140117	1426216219243915000
1031006764954	1426216224243450000
1031008369627	1426216224244358000
1036006133029	1426216229242626000
1036010002516	1426216229245148000
1037545716691	1426216230779890000
1037546914330	1426216230779026000
1038542943992	1426216231777595000
1038546160323	1426216231778977000
1040551783663	1426216233785162000
1040553565175	1426216233787256000
1041005898641	1426216234242782000
1041008676928	1426216234244225000
1042553060920	1426216235785692000
1042554788514	1426216235791621000
1042555762381	1426216235791131000
1042556316362	1426216235784990000
1042557577695	1426216235791621000
1044559524870	1426216237793585000
1044559993645	1426216237794194000
1047006678349	1426216240242423000
1047009823162	1426216240243229000
1052007957840	1426216245242221000
1052009597714	1426216245243323000
1057008584176	1426216250242311000
1057009813104	1426216250243409000
1062006753776	1426216255242653000
1062010129624	1426216255243660000
1065834661791	1426216259071438000
1065835637893	1426216259072248000
1065835670300	1426216259071438000
1065837739836	1426216259071825000
1065839320764	1426216259070868000
1065842209399	1426216259072248000
1066837666922	1426216260073584000
1066837720560	1426216260073677000
1066837788166	1426216260073584000
1066838950325	1426216260073668000
1066839155938	1426216260073384000
1066840449119	1426216260073677000
1067007168632	1426216260242406000
1067008945674	1426216260244142000
1067839583646	1426216261073621000
1067840395202	1426216261073621000
1067841635862	1426216261073645000
1067842174478	1426216261073653000
1067842294605	1426216261073600000
1067844002643	1426216261073653000
1068841712687	1426216262077395000
1068841747887	1426216262077395000
1068842429259	1426216262077238000
1068842627049	1426216262077489000
1068842986313	1426216262077480000
1068843797589	1426216262077489000
1069842738237	1426216263078881000
1069842773716	1426216263078450000
1069842903621	1426216263078593000
1069844131151	1426216263078881000
1069844319164	1426216263078849000
1069844493488	1426216263078593000
1070839266566	1426216264073852000
1070841242795	1426216264074676000
1070842991900	1426216264077981000
1070843023189	1426216264078128000
1070843588065	1426216264078464000
1070844216078	1426216264078293000
1070844810008	1426216264078284000
1070850400663	1426216264079100000
1070850524980	1426216264078293000
1070850875583	1426216264078128000
1070852406784	1426216264079100000
1071842998046	1426216265077717000
1071843069843	1426216265077897000
1071843548674	1426216265077739000
1071844382300	1426216265077897000
1071845450872	1426216265077739000
1071846228903	1426216265077884000
1072842122515	1426216266077717000
1072842729017	1426216266077686000
1072843360382	1426216266077717000
1072843428827	1426216266077754000
1072843963252	1426216266077775000
1072844867557	1426216266077775000
1073847220929	1426216267081060000
1073847271214	1426216267081219000
1073847423468	1426216267081150000
1073848036954	1426216267081219000
1073848314922	1426216267081150000
1073848815265	1426216267081211000
1074846857195	1426216268082985000
1074847090186	1426216268083100000
1074847342452	1426216268082850000
1074848103443	1426216268083073000
1074848841526	1426216268083100000
1074849647494	1426216268082985000
1075006559336	1426216268244074000
1075011252111	1426216268245641000
1075846213538	1426216269082655000
1075846250135	1426216269082655000
1075846584535	1426216269082739000
1075846996878	1426216269082585000
1075847374859	1426216269082692000
1075848826440	1426216269082739000
1076846637614	1426216270081675000
1076846749081	1426216270081818000
1076847030681	1426216270081818000
1076847352230	1426216270081974000
1076847891963	1426216270081974000
1076847989741	1426216270081960000
1077846207392	1426216271082399000
1077846286173	1426216271082203000
1077847934985	1426216271082496000
1077848009297	1426216271082487000
1077848230274	1426216271082496000
1077848425830	1426216271082399000
1078846255442	1426216272082351000
1078846512179	1426216272081955000
1078846597385	1426216272081822000
1078847660090	1426216272081955000
1078847731608	1426216272082337000
1078847829385	1426216272082351000
1079846318020	1426216273082481000
1079846539277	1426216273082346000
1079846764725	1426216273082627000
1079852003938	1426216273082481000
1079852230224	1426216273082627000
1079852506795	1426216273082617000
1080008148644	1426216273242314000
1080009315831	1426216273243207000
1080846563302	1426216274081604000
1080846598223	1426216274082462000
1080847239645	1426216274081749000
1080847804242	1426216274082462000
1080848427785	1426216274081749000
1080849793042	1426216274082392000
1081847651150	1426216275084313000
1081847685512	1426216275084313000
1081849107760	1426216275084405000
1081850020446	1426216275084177000
1081850079392	1426216275084419000
1081850967214	1426216275084419000
1082845853994	1426216276083194000
1082846147607	1426216276083507000
1082846457982	1426216276083330000
1082846909436	1426216276083330000
1082847186286	1426216276083507000
1082847801169	1426216276083484000
1083843997054	1426216277082821000
1083844298489	1426216277082821000
1083845670451	1426216277082845000
1083846177778	1426216277082800000
1083846458261	1426216277082852000
1083847360610	1426216277082852000
1084847296077	1426216278083094000
1084847396648	1426216278082957000
1084847732445	1426216278083193000
1084847810667	1426216278083094000
1084848749893	1426216278083193000
1084849206934	1426216278083185000
1085010897875	1426216278245017000
1085012245253	1426216278245999000
1085846433397	1426216279082298000
1085846551289	1426216279082298000
1085847954819	1426216279082344000
1085848009854	1426216279082352000
1085850251759	1426216279082165000
1085851566172	1426216279082352000
1086845164800	1426216280081232000
1086845252521	1426216280081147000
1086845282692	1426216280081298000
1086845608432	1426216280081232000
1086845829130	1426216280081293000
1086845907632	1426216280081298000
1087846675886	1426216281081869000
1087847570133	1426216281082020000
1087847737194	1426216281081781000
1087847906768	1426216281081869000
1087848732572	1426216281082011000
1087849061384	1426216281082020000
1088845729676	1426216282082119000
1088846019378	1426216282082103000
1088849080661	1426216282082119000
1088849178438	1426216282082145000
1088849428749	1426216282082140000
1088849885791	1426216282082145000
1089846813333	1426216283081605000
1089846959162	1426216283081577000
1089848216305	1426216283081635000
1089848473321	1426216283081628000
1089848575289	1426216283081605000
1089848744305	1426216283081635000
1090008526624	1426216283242029000
1090009901938	1426216283243207000
1090846478654	1426216284082427000
1090846512736	1426216284081003000
1090847337422	1426216284081241000
1090847928000	1426216284082427000
1090848563276	1426216284081241000
1090849891937	1426216284082009000
1091845053053	1426216285082662000
1091845110044	1426216285082570000
1091846518044	1426216285082769000
1091846551009	1426216285082769000
1091847303619	1426216285082662000
1091848282235	1426216285082752000
1091858848941	1426216285098235000
1091862404141	1426216285098747000
1091865080180	1426216285101548000
1091865808205	1426216285101548000
1091866585120	1426216285101328000
1092845261739	1426216286081755000
1092845299453	1426216286081755000
1092845515123	1426216286081713000
1092845641955	1426216286081823000
1092846085028	1426216286081773000
1092846352939	1426216286081823000
1093843987275	1426216287081030000
1093844332012	1426216287081030000
1093845540545	1426216287081084000
1093846169675	1426216287081004000
1093846224152	1426216287081095000
1093848149257	1426216287081095000
1094845957917	1426216288081275000
1094846303212	1426216288081140000
1094846511060	1426216288081382000
1094846721701	1426216288081275000
1094847649472	1426216288081382000
1094848182501	1426216288081368000
1095846650742	1426216289082602000
1095846845180	1426216289082002000
1095847438831	1426216289082137000
1095848270501	1426216289082137000
1095848421358	1426216289082602000
1095849439365	1426216289082408000
1096006923626	1426216289243400000
1096008425493	1426216289244415000
1096851075885	1426216290083110000
1096851673447	1426216290083072000
1096851818996	1426216290083053000
1096851849168	1426216290083072000
1096853566146	1426216290083103000
1096853657778	1426216290083110000
1097847041294	1426216291083223000
1097847139910	1426216291082899000
1097847869332	1426216291082769000
1097848631999	1426216291082899000
1097849382374	1426216291083223000
1097849811199	1426216291082997000
1098846219961	1426216292083985000
1098846266335	1426216292084151000
1098846924240	1426216292083985000
1098847888329	1426216292083842000
1098848543161	1426216292084100000
1098849750577	1426216292084151000
1099847396646	1426216293083104000
1099847524316	1426216293083068000
1099847664558	1426216293083045000
1099847753954	1426216293083068000
1099849558653	1426216293083092000
1099849625980	1426216293083104000
1100846019376	1426216294082052000
1100846114360	1426216294082330000
1100846292595	1426216294082368000
1100847331554	1426216294082368000
1100847414805	1426216294082360000
1100847839999	1426216294082330000
1101005799739	1426216294241434000
1101006607105	1426216294242451000
1101846364671	1426216295082396000
1101846610233	1426216295082244000
1101847081243	1426216295082273000
1101848012367	1426216295082273000
1101848487288	1426216295082396000
1101849361700	1426216295082361000
1102846648786	1426216296081490000
1102846968938	1426216296083032000
1102847081522	1426216296082941000
1102847140189	1426216296082941000
1102848545395	1426216296083032000
1102849307224	1426216296083017000
1103846704659	1426216297084204000
1103846813611	1426216297084344000
1103846934297	1426216297084344000
1103848258487	1426216297084374000
1103848516621	1426216297084381000
1103848722792	1426216297084381000
1106006630291	1426216299243457000
1106008419904	1426216299244275000
1111007147675	1426216304242334000
1111008320450	1426216304243119000
1116006002836	1426216309243040000
1116007192093	1426216309244414000
1121006681134	1426216314243301000
1121012990595	1426216314244445000
1126005585743	1426216319242202000
1126006854340	1426216319243311000
1131005979926	1426216324242306000
1131008630263	1426216324244478000
1136005943608	1426216329242309000
1136006728345	1426216329243691000
1141006134414	1426216334242763000
1141007437094	1426216334243991000
1146007945258	1426216339242248000
1146009369741	1426216339243947000
1148818399101	1426216342055027000
1148818622593	1426216342055027000
1148818755850	1426216342054381000
1148818878770	1426216342055467000
1148820539317	1426216342055467000
1148820666148	1426216342055087000
1149818358872	1426216343055571000
1149818581805	1426216343055706000
1149818611697	1426216343055706000
1149818658351	1426216343055926000
1149819585564	1426216343055926000
1149820909755	1426216343055796000
1150818329818	1426216344055322000
1150818399938	1426216344054714000
1150819605399	1426216344054579000
1150819679989	1426216344055255000
1150819708764	1426216344054714000
1150820952498	1426216344055322000
1151006942616	1426216344242586000
1151008574667	1426216344243541000
1151614546376	1426216344852143000
1151614667341	1426216344852550000
1151615146732	1426216344852550000
1151615860230	1426216344852700000
1151618553030	1426216344853595000
1151619160370	1426216344853595000
1151817936192	1426216345054267000
1151818168624	1426216345053602000
1151818219468	1426216345053748000
1151818958669	1426216345053748000
1151819252002	1426216345054267000
1151819329386	1426216345054244000
1152618401056	1426216345854339000
1152618499951	1426216345854339000
1152618590465	1426216345854250000
1152619970529	1426216345854745000
1152620420865	1426216345854471000
1152621726618	1426216345854745000
1152822673945	1426216346055938000
1152824276663	1426216346055489000
1152825322047	1426216346055715000
1152825542466	1426216346055938000
1152826098682	1426216346055715000
1152826450123	1426216346055869000
1153617948205	1426216346854137000
1153618484027	1426216346854137000
1153618599125	1426216346854068000
1153619884205	1426216346854180000
1153620231735	1426216346854209000
1153621435519	1426216346854209000
1153821321538	1426216347058163000
1153821439431	1426216347058461000
1153821613475	1426216347058311000
1153821838643	1426216347058311000
1153822584548	1426216347058461000
1153823216751	1426216347058452000
1154623034885	1426216347857822000
1154623132662	1426216347857822000
1154623973831	1426216347857680000
1154624549882	1426216347857913000
1154625230136	1426216347857921000
1154625466479	1426216347857921000
1154821807913	1426216348058673000
1154821983075	1426216348058673000
1154822736523	1426216348058719000
1154822806364	1426216348057696000
1154823109475	1426216348058710000
1154823949247	1426216348058719000
1155622994935	1426216348860054000
1155623034326	1426216348860184000
1155623077907	1426216348860393000
1155623991431	1426216348860184000
1155625812053	1426216348860393000
1155626699037	1426216348860327000
1155821998719	1426216349058777000
1155822089792	1426216349058777000
1155822123316	1426216349058744000
1155823448066	1426216349058930000
1155823581602	1426216349058930000
1155823812637	1426216349058918000
1156005971543	1426216349242647000
1156007331771	1426216349243682000
1156623003596	1426216349859189000
1156623641386	1426216349859189000
1156625054415	1426216349859278000
1156626167685	1426216349859060000
1156627009971	1426216349859347000
1156627366161	1426216349859347000
1156822247354	1426216350058466000
1156822380053	1426216350058466000
1156822569741	1426216350058605000
1156822834300	1426216350058334000
1156823470135	1426216350058596000
1156823781069	1426216350058605000
1157622856929	1426216350858304000
1157623156129	1426216350858206000
1157623754529	1426216350858206000
1157629711431	1426216350858066000
1157629772333	1426216350858295000
1157630888396	1426216350858304000
1157826059570	1426216351062139000
1157826182770	1426216351062174000
1157827243799	1426216351062167000
1157827536294	1426216351062139000
1157827616752	1426216351061391000
1157828809641	1426216351062174000
1158619629982	1426216351858495000
1158619970528	1426216351858474000
1158620182287	1426216351858495000
1158622096776	1426216351858520000
1158622244560	1426216351858527000
1158622274173	1426216351858527000
1158826422186	1426216352062258000
1158827563951	1426216352062322000
1158828600955	1426216352062322000
1158829914250	1426216352062286000
1158830787545	1426216352062286000
1158832215939	1426216352062315000
1159618937157	1426216352857647000
1159619533322	1426216352857647000
1159621060331	1426216352857671000
1159621700357	1426216352857625000
1159621793665	1426216352857679000
1159622871176	1426216352857679000
1159825525424	1426216353061717000
1159825724891	1426216353061697000
1159826527507	1426216353061717000
1159826968904	1426216353061760000
1159827077856	1426216353061760000
1159827788561	1426216353061748000
1160622663887	1426216353858411000
1160623228484	1426216353858550000
1160623343024	1426216353858731000
1160624622795	1426216353858731000
1160624650173	1426216353858550000
1160624714148	1426216353858697000
1160823117297	1426216354061441000
1160823560649	1426216354061371000
1160824833716	1426216354061441000
1160826326643	1426216354061405000
1160827389348	1426216354061405000
1160828985361	1426216354061434000
1161006661015	1426216354242392000
1161007934361	1426216354243337000
1161622615557	1426216354857918000
1161622651316	1426216354858044000
1161622782338	1426216354857918000
1161623161436	1426216354857825000
1161623801182	1426216354858037000
1161624766109	1426216354858044000
1161826653221	1426216355061678000
1161826690656	1426216355061707000
1161826853246	1426216355062161000
1161826988459	1426216355061707000
1161828709069	1426216355062161000
1161828869983	1426216355061985000
1162622547671	1426216355857382000
1162622698528	1426216355857273000
1162623393030	1426216355857382000
1162623813474	1426216355857522000
1162624238947	1426216355857545000
1162625879379	1426216355857545000
1162825398592	1426216356061851000
1162825488268	1426216356061851000
1162826036382	1426216356061822000
1162826433081	1426216356061887000
1162826616065	1426216356061879000
1162827270338	1426216356061887000
1163623902592	1426216356857440000
1163623968242	1426216356857440000
1163624229449	1426216356857696000
1163624852154	1426216356857259000
1163625139620	1426216356857664000
1163626087227	1426216356857696000
1163828842884	1426216357061407000
1163828999049	1426216357061314000
1163829173932	1426216357061314000
1163829264167	1426216357061180000
1163830648142	1426216357061407000
1163830747037	1426216357061400000
1164622659137	1426216357857650000
1164622901626	1426216357857786000
1164623158084	1426216357857786000
1164623970757	1426216357857942000
1164624184192	1426216357857942000
1164624626706	1426216357857921000
1164829602199	1426216358067234000
1164829675392	1426216358067234000
1164830714072	1426216358067207000
1164830823583	1426216358067314000
1164830896218	1426216358067260000
1164833255456	1426216358067314000
1165622670033	1426216358857704000
1165622823683	1426216358857541000
1165624305715	1426216358857409000
1165624336166	1426216358857677000
1165625441334	1426216358857704000
1165625579341	1426216358857541000
1165830826097	1426216359066528000
1165830862694	1426216359067103000
1165833231431	1426216359067103000
1165834324028	1426216359066660000
1165834565399	1426216359066660000
1165835777564	1426216359066980000
1166005703072	1426216359242622000
1166006876126	1426216359243519000
1166622083645	1426216359857680000
1166622253778	1426216359857394000
1166622444864	1426216359857533000
1166622574769	1426216359857533000
1166623460356	1426216359857680000
1166623646693	1426216359857671000
1166830108129	1426216360065894000
1166834577691	1426216360065758000
1166835176370	1426216360065894000
1166835441209	1426216360066171000
1166835730631	1426216360066171000
1166836366466	1426216360066076000
1167622476153	1426216360857433000
1167622756915	1426216360857278000
1167622874248	1426216360857278000
1167623968242	1426216360857419000
1167625884128	1426216360857145000
1167627195468	1426216360857433000
1167830929183	1426216361067786000
1167830966617	1426216361067786000
1167831066630	1426216361067831000
1167833085322	1426216361067690000
1167833172205	1426216361067823000
1167834181272	1426216361067831000
1168618727632	1426216361857326000
1168621635264	1426216361857449000
1168621753156	1426216361857357000
1168621813499	1426216361857357000
1168622247353	1426216361857449000
1168623004991	1426216361857416000
1168829755011	1426216362067016000
1168830242782	1426216362066701000
1168830659595	1426216362067175000
1168831000141	1426216362067016000
1168831528421	1426216362067175000
1168833669475	1426216362067165000
1169623686642	1426216362859064000
1169624150947	1426216362859453000
1169624433943	1426216362859289000
1169624464674	1426216362859289000
1169624921715	1426216362859453000
1169625751429	1426216362859440000
1169831704141	1426216363066668000
1169831775659	1426216363066200000
1169831882935	1426216363066395000
1169833021068	1426216363066395000
1169833406313	1426216363066668000
1169834221780	1426216363066616000
1170622608292	1426216363858667000
1170622684559	1426216363858747000
1170622715289	1426216363858807000
1170623452254	1426216363858747000
1170623899518	1426216363858807000
1170623927734	1426216363858796000
1170829758922	1426216364065326000
1170830022084	1426216364065491000
1170830409563	1426216364065198000
1170830443646	1426216364065326000
1170830982541	1426216364065458000
1170831751633	1426216364065491000
1171006798741	1426216364241771000
1171009454386	1426216364242848000
1171622267187	1426216364858713000
1171622418883	1426216364858816000
1171622971746	1426216364858575000
1171623278210	1426216364858713000
1171630691442	1426216364858816000
1171630959074	1426216364858808000
1171829881563	1426216365066146000
1171830438338	1426216365066279000
1171830527176	1426216365066433000
1171831089258	1426216365066433000
1171831651062	1426216365066410000
1171832760141	1426216365066279000
1172622503809	1426216365858639000
1172622601587	1426216365859484000
1172623081816	1426216365859643000
1172623568470	1426216365859484000
1172624085575	1426216365859643000
1172625077042	1426216365859634000
1172830869677	1426216366066861000
1172830912699	1426216366066945000
1172831486515	1426216366066945000
1172833383963	1426216366067075000
1172833455481	1426216366067083000
1172834089081	1426216366067083000
1173622438438	1426216366861117000
1173622609968	1426216366860684000
1173623456724	1426216366861273000
1173623878286	1426216366861273000
1173626763848	1426216366861117000
1173627955061	1426216366861265000
1173830405931	1426216367066189000
1173830492814	1426216367066189000
1173830657360	1426216367066223000
1173831852204	1426216367066216000
1173832348915	1426216367066162000
1173833181982	1426216367066223000
1174630367379	1426216367865831000
1174630625512	1426216367866316000
1174630804864	1426216367865831000
1174631147645	1426216367865573000
1174632482172	1426216367866239000
1174632797855	1426216367866316000
1174830555112	1426216368068668000
1174830863252	1426216368068846000
1174831210223	1426216368068668000
1174832148052	1426216368068756000
1174832200852	1426216368068582000
1174834249436	1426216368068846000
1175630776090	1426216368868366000
1175631304090	1426216368868366000
1175632626604	1426216368868426000
1175634210325	1426216368868344000
1175634535227	1426216368868433000
1175635766668	1426216368868433000
1175834611773	1426216369070167000
1175834768496	1426216369070167000
1175834864598	1426216369070225000
1175836537716	1426216369070218000
1175836879100	1426216369070136000
1175837950744	1426216369070225000
1176005692734	1426216369241758000
1176007011896	142621636